"Abudefduf saxatilis","Abudefduf taurus","Acanthemblemaria aspera","Acanthemblemaria chaplini","Acanthemblemaria maria","Acanthemblemaria spinosa","Acanthostracion polygonius","Acanthostracion quadricornis","Acanthurus chirurgus","Acanthurus coeruleus","Acanthurus tractus (bahianus)","Aetobatus narinari","Aluterus scriptus","Aluterus spp.","Amblycirrhitus pinos","Ancylomenes pedersoni","Anisotremus surinamensis","Anisotremus virginicus","Anomura spp.","Apogon maculatus","Apogon spp.","Apogon townsendi","Astrophyton muricatum","Aulostomus maculatus","Balistes vetula","Blenniidae spp.","Bodianus rufus","Bothus lunatus","Calamus calamus","Calamus pennatula","Calamus spp.","Cantherhines macrocerus","Cantherhines pullus","Canthidermis sufflamen","Canthigaster rostrata","Carangoides bartholomaei","Caranx crysos","Caranx hippos","Caranx latus","Caranx lugubris","Caranx ruber","Carcharhinus perezii","Carpilius corallinus","Centropyge argi","Cephalopholis cruentata","Cephalopholis fulva","Chaenopsis ocellata","Chaetodipterus faber","Chaetodon capistratus","Chaetodon ocellatus","Chaetodon sedentarius","Chaetodon striatus","Chromis cyanea","Chromis insolata","Chromis multilineata","Chromis spp.","Clepticus parrae","Coralliophila caribaea","Coralliophila spp.","Coryphopterus glaucofraenum","Coryphopterus lipernes","Coryphopterus personatus","Coryphopterus spp.","Cryptotomus roseus","Ctenogobius saepepallens","Ctenoides scaber","Cyphoma gibbosum","Damithrax spinosissimus","Decapterus macarellus","Diadema antillarum","Diodon holocanthus","Diodon hystrix","Echeneis naucrates","Echinometra lucunter","Echinometra spp.","Echinometra viridis","Elacatinus dilepis","Elacatinus evelynae","Elacatinus horsti","Elacatinus saucrus","Epinephelus adscensionis","Epinephelus guttatus","Epinephelus spp.","Epinephelus striatus","Equetus lanceolatus","Equetus punctatus","Eucidaris tribuloides","Gastropoda spp.","Gerres cinereus","Ginglymostoma cirratum","Gnatholepis thompsoni","Gobiosoma spp.","Gramma loreto","Grapsus spp.","Gymnothorax funebris","Gymnothorax miliaris","Gymnothorax moringa","Gymnothorax spp.","Haemulon album","Haemulon aurolineatum","Haemulon carbonarium","Haemulon chrysargyreum","Haemulon flavolineatum","Haemulon macrostomum","Haemulon melanurum","Haemulon parra","Haemulon plumierii","Haemulon sciurus","Haemulon spp.","Haemulon squamipinna","Haemulon vittatum","Halichoeres bivittatus","Halichoeres cyanocephalus","Halichoeres garnoti","Halichoeres maculipinna","Halichoeres poeyi","Halichoeres radiatus","Halichoeres spp.","Hemiramphus brasiliensis","Hermodice carunculata","Heteropriacanthus cruentatus","Holacanthus ciliaris","Holacanthus tricolor","Holocentrus adscensionis","Holocentrus rufus","Holothuria (Halodeima) mexicana","Hypleurochilus bermudensis","Hypoplectrus aberrans","Hypoplectrus chlorurus","Hypoplectrus gummigutta","Hypoplectrus guttavarius","Hypoplectrus indigo","Hypoplectrus nigricans","Hypoplectrus puella","Hypoplectrus spp.","Hypoplectrus unicolor","Isostichopus badionotus","Kyphosus sectatrix","Kyphosus spp.","Lachnolaimus maximus","Lactophrys bicaudalis","Lactophrys trigonus","Lactophrys triqueter","Liopropoma rubre","Liopropoma spp.","Aliger gigas","Lutjanus analis","Lutjanus apodus","Lutjanus cyanopterus","Lutjanus griseus","Lutjanus jocu","Lutjanus mahogoni","Lutjanus synagris","Malacanthus plumieri","Malacoctenus gilli","Malacoctenus spp.","Malacoctenus triangulatus","Melichthys niger","Microspathodon chrysurus","Monacanthus spp.","Monacanthus tuckeri","Mulloidichthys martinicus","Muraena robusta","Muraena spp.","Mycteroperca interstitialis","Mycteroperca spp.","Mycteroperca tigris","Mycteroperca venenosa","Myrichthys breviceps","Myrichthys ocellatus","Myripristis jacobus","Neoniphon marianus","Octopus vulgaris","Ocyurus chrysurus","Odontoscion dentex","Ophioblennius atlanticus","Ophioblennius macclurei","Ophioderma spp.","Ophiothrix (Acanthophiothrix) suensoni","Paguristes spp.","Pagurus spp.","Panulirus argus","Panulirus guttatus","Paralabrax dewegeri ","Paranthias furcifer","Pareques acuminatus","Pempheris schomburgkii","Pempheris spp.","Percnon gibbesi","Periclimenes spp.","Pomacanthus arcuatus","Pomacanthus paru","Priacanthus arenatus","Priacanthus spp.","Prognathodes aculeatus","Prognathodes aya","Pseudupeneus maculatus","Pteria columbus","Pterois volitans","Rypticus saponaceus","Sargocentron coruscum","Sargocentron vexillarium","Scarus coelestinus","Scarus coeruleus","Scarus guacamaia","Scarus iseri","Scarus spp.","Scarus taeniopterus","Scarus vetula","Scomberomorus cavalla","Scomberomorus regalis","Scorpaena plumieri","Scyllarides spp.","Serranus baldwini","Serranus spp.","Serranus tabacarius","Serranus tigrinus","Sparisoma atomarium","Sparisoma aurofrenatum","Sparisoma chrysopterum","Sparisoma radians","Sparisoma rubripinne","Sparisoma spp.","Sparisoma viride","Sphoeroides spp.","Sphoeroides greeleyi","Sphoeroides testudineus","Sphyraena barracuda","Stegastes adustus","Stegastes fuscus","Stegastes leucostictus","Stegastes partitus","Stegastes planifrons","Stegastes variabilis","Stenopus hispidus","Stenorhynchus seticornis","Stephanolepis hispidus","Stephanolepis setifer","Stramonita rustica","Syngnathus spp.","Synodus intermedius","Synodus saurus","Thalassoma bifasciatum","Tripneustes ventricosus","Unidentified spp.(fish)","Urobatis jamaicensis","Xanthichthys ringens","-","YEAR","REGION","LOCATION","SITE NAME","DEPTH ZONE","TRANSECT","sample_code","YEAR_SITE","YEAR_LOCATION","YEAR_REGION"
0,0,0,0,0,0,0,0,1,1,1.4142135623730951,0,0,0,1,0,0,0,0,0,0,0,0,0,0,0,0,0,0,0,0,0,0,0,1,0,0,0,0,0,0,0,0,0,0,1.4142135623730951,0,0,1.4142135623730951,0,0,0,2,0,0,0,0,0,0,0,2.23606797749979,0,0,0,0,0,0,0,0,0,0,0,0,0,0,0,0,2.449489742783178,0,0,0,0,0,0,0,0,0,0,0,0,0,0,0,0,0,0,0,0,0,0,0,0,0,0,0,0,0,0,0,0,0,0,0,1,1.4142135623730951,0,0,0,0,0,0,0,0,0,0,0,0,0,0,0,0,0,0,0,0,0,0,0,0,0,0,0,0,0,0,0,0,0,0,0,0,0,0,0,0,0,0,0,1,0,0,0,0,0,0,0,0,0,0,0,0,0,0,0,0,0,0,0,0,0,0,0,0,0,0,0,0,0,0,0,0,0,0,0,0,0,0,0,0,0,0,0,0,0,0,2,0,0,0,0,1,0,0,0,0,0,1,0,1.7320508075688772,0,1,0,0,0,0,0,0,0,0,0,0,7.211102550927978,0,0,0,1,0,0,0,0,0,0,6.6332495807108,0,0,0,0,,"2004","West","Rincon","Tres Palmas 10m","Shallow","1","2004Tres Palmas 10m1","2004_Tres Palmas 10m","2004_Rincon","2004_West"
0,0,0,0,0,0,0,0,2,1,1.4142135623730951,0,0,0,0,0,0,0,0,0,0,0,0,0,0,0,0,0,0,0,0,0,0,0,1,0,0,0,0,0,0,0,0,0,0,1.4142135623730951,0,0,1,0,0,0,0,0,0,0,0,0,0,0,1.4142135623730951,0,0,0,0,0,0,0,0,0,0,0,0,0,0,0,0,2,0,0,0,0,0,0,0,0,0,0,0,0,0,0,0,0,0,0,0,0,0,0,0,0,0,0,0,0,0,0,0,0,0,0,0,1.7320508075688772,1,0,0,0,0,0,0,0,1,0,0,0,0,0,0,0,0,0,0,0,0,0,0,0,0,0,0,0,0,0,0,0,0,0,0,0,0,0,0,0,0,0,0,0,0,0,0,0,0,0,0,0,0,0,0,0,0,0,0,0,0,1,0,0,0,0,0,0,0,0,0,0,0,0,0,1,0,0,0,0,0,0,0,0,0,0,0,0,0,0,0,2.449489742783178,0,0,0,0,0,0,0,0,0,0,2,0,1.7320508075688772,0,2.23606797749979,0,0,1,0,0,0,0,0,0,0,7.280109889280518,0,0,0,1,0,0,0,0,0,0,4.47213595499958,0,0,0,0,,"2004","West","Rincon","Tres Palmas 10m","Shallow","2","2004Tres Palmas 10m2","2004_Tres Palmas 10m","2004_Rincon","2004_West"
0,0,0,0,0,0,0,0,2,0,1,0,0,0,0,0,0,0,0,0,0,0,0,1,0,0,0,0,0,0,0,0,0,0,1,0,0,0,0,0,0,0,0,0,0,1.7320508075688772,0,0,1.4142135623730951,0,0,0,1.7320508075688772,0,0,0,0,0,0,0,0,0,0,0,0,0,0,0,0,0,0,0,0,0,0,0,0,3.1622776601683795,0,0,0,0,0,0,0,0,0,0,0,0,0,0,0,0,0,0,0,0,0,0,0,0,0,0,0,0,0,0,0,0,0,0,0,1,1.4142135623730951,0,0,0,0,0,0,0,0,0,1,0,0,0,0,0,0,0,0,0,0,0,0,0,0,0,0,0,0,0,0,0,0,0,0,0,0,0,0,0,0,0,1,0,0,0,0,0,0,0,0,0,0,0,0,0,0,0,0,0,0,0,0,0,0,0,0,0,0,0,0,0,0,0,0,0,0,0,0,0,0,0,0,0,0,0,0,0,0,0,0,2,0,0,0,0,0,0,0,0,0,0,1.4142135623730951,0,0,0,1.4142135623730951,0,0,1,0,0,0,0,0,0,0,1,0,0,1,1.7320508075688772,0,0,0,0,1,0,5.916079783099616,0,0,0,0,,"2004","West","Rincon","Tres Palmas 10m","Shallow","3","2004Tres Palmas 10m3","2004_Tres Palmas 10m","2004_Rincon","2004_West"
0,0,0,0,0,0,0,0,1.4142135623730951,0,1.4142135623730951,0,0,0,0,0,0,0,0,0,0,0,0,0,0,0,0,0,0,0,0,0,0,0,1,0,0,0,0,0,0,0,0,0,0,1,0,0,1,0,0,0,0,0,0,0,0,0,0,0,0,0,0,0,0,0,0,0,0,0,0,0,0,0,0,0,0,1.4142135623730951,0,0,0,0,0,0,0,0,0,0,0,0,0,0,0,0,0,0,0,0,0,0,0,0,0,0,0,0,0,0,0,0,0,0,0,0,0,0,0,0,0,0,0,0,1,0,0,0,0,0,0,0,0,0,0,0,0,0,0,0,0,0,0,0,0,0,0,0,0,0,0,0,0,0,0,0,0,0,0,0,0,0,0,0,0,0,0,0,0,0,0,0,0,0,0,0,0,0,0,0,0,0,0,0,0,0,0,0,0,0,0,1,0,0,0,0,0,0,0,0,0,0,0,0,0,0,0,2.8284271247461903,0,1,0,0,0,0,0,0,0,0,0,0,0,0,1.7320508075688772,0,0,0,0,0,0,0,0,0,0,6.48074069840786,0,0,1,0,0,0,0,0,0,0,7.483314773547883,0,0,0,0,,"2004","West","Rincon","Tres Palmas 10m","Shallow","4","2004Tres Palmas 10m4","2004_Tres Palmas 10m","2004_Rincon","2004_West"
0,0,0,0,0,0,0,0,1.4142135623730951,0,1.4142135623730951,0,0,0,1,0,0,0,0,0,0,0,0,0,0,0,0,0,0,0,0,0,0,0,1,0,0,0,0,0,0,0,0,0,0,1,0,0,1.4142135623730951,0,0,0,0,0,0,0,0,0,0,0,0,0,0,0,0,0,0,0,0,0,0,0,0,0,0,0,0,2,0,0,0,1,0,0,0,0,0,0,0,0,0,0,0,0,0,0,0,0,0,0,0,0,0,0,0,0,0,0,0,0,0,0,0,1,2.23606797749979,0,0,0,0,0,0,0,1,0,1,0,0,0,0,0,0,0,0,0,0,0,0,0,0,0,0,0,0,0,0,0,0,0,0,0,0,0,0,0,0,0,0,0,1,0,0,2.23606797749979,0,0,0,0,0,0,0,0,0,0,0,0,0,0,0,0,0,0,0,0,0,0,0,0,0,0,0,0,0,0,0,0,0,0,0,0,0,0,0,0,0,0,0,1,0,0,0,0,0,0,0,0,0,0,1,0,1.7320508075688772,0,1.7320508075688772,0,0,0,0,0,0,0,0,0,0,6.557438524302,0,0,0,0,0,0,0,0,0,0,6.082762530298219,0,0,0,0,,"2004","West","Rincon","Tres Palmas 10m","Shallow","5","2004Tres Palmas 10m5","2004_Tres Palmas 10m","2004_Rincon","2004_West"
0,0,0,0,0,0,0,0,0,1,1.4142135623730951,0,0,0,1.4142135623730951,0,0,0,0,0,0,0,0,0,0,0,1,0,0,0,0,0,0,0,1,0,0,0,0,0,0,0,0,0,1,0,0,0,1.4142135623730951,0,0,0,9.219544457292887,0,2.23606797749979,0,2.6457513110645907,0,0,0,8.54400374531753,16.431676725154983,0,0,0,0,0,0,0,0,0,0,0,0,0,0,0,2.8284271247461903,0,0,0,0,0,0,0,0,0,0,0,0,0,0,0,0,0,0,0,0,0,0,0,0,2,0,0,0,0,0,0,0,0,0,0,2.8284271247461903,0,0,0,0,0,0,0,0,0,0,1,0,0,0,1,0,0,0,1,0,0,1,0,0,0,0,0,0,0,0,0,0,0,0,0,0,0,0,0,0,0,0,0,0,0,0,0,0,0,0,0,0,0,0,0,0,1,1.7320508075688772,0,0,0,0,0,0,0,0,0,0,0,0,0,0,0,0,0,0,0,0,0,0,0,0,0,0,0,0,0,0,0,0,0,1.7320508075688772,0,0,0,0,0,0,0,0,0,0,1,0,1.4142135623730951,0,0,0,0,0,0,0,0,0,0,0,1.7320508075688772,8.12403840463596,0,0,1,1,0,0,0,0,1,0,3.872983346207417,0,0,0,0,,"2004","West","Rincon","Tres Palmas 20m","Intermediate","1","2004Tres Palmas 20m1","2004_Tres Palmas 20m","2004_Rincon","2004_West"
0,0,0,0,0,0,0,0,1.4142135623730951,0,1,0,0,0,0,0,0,0,0,0,0,0,0,0,0,0,0,0,0,0,0,0,0,0,1,0,0,0,0,0,0,0,0,0,1.4142135623730951,0,0,0,0,0,0,1,1.4142135623730951,0,0,0,0,0,0,0,8.18535277187245,28.053520278211074,1,0,0,0,0,0,0,0,0,0,0,0,0,0,0,2.23606797749979,0,0,0,0,0,0,0,0,0,0,0,0,0,0,0,0,0,0,0,0,0,0,0,0,1,0,0,0,0,0,0,0,0,0,0,2,0,0,0,0,0,0,0,0,0,0,0,0,0,0,0,0,0,0,0,0,0,0,0,0,0,0,0,0,0,0,0,0,0,0,0,0,0,0,0,0,0,0,0,0,0,0,0,0,0,0,0,0,0,0,0,0,0,1.7320508075688772,0,0,0,0,0,0,0,0,0,0,0,0,0,0,0,0,0,0,0,0,0,0,0,0,0,0,0,0,0,0,0,0,0,2.449489742783178,0,1,0,0,0,0,0,0,0,0,1,0,1,1,0,0,0,0,0,0,0,0,0,0,1.4142135623730951,5.744562646538029,0,0,0,0,0,0,0,0,0,0,2.23606797749979,0,0,0,0,,"2004","West","Rincon","Tres Palmas 20m","Intermediate","2","2004Tres Palmas 20m2","2004_Tres Palmas 20m","2004_Rincon","2004_West"
1,0,0,0,0,0,0,0,0,1,0,0,0,0,1,0,0,0,0,0,0,0,0,0,0,0,0,0,0,0,0,0,0,0,1.7320508075688772,0,0,0,0,0,1.4142135623730951,0,0,0,1,0,0,0,1,0,0,0,5.0990195135927845,0,1.7320508075688772,0,3.7416573867739413,0,0,0,7.483314773547883,13.416407864998739,1,0,0,0,0,0,0,0,0,0,0,0,0,0,0,0,0,0,0,0,0,0,1,0,0,0,0,0,0,0,0,0,0,0,0,0,0,0,0,0,1.4142135623730951,0,0,0,0,0,0,0,0,0,0,2.23606797749979,0,0,0,0,0,0,0,1,1,0,0,0,0,0,0,0,0,0,0,1,0,0,0,0,0,0,0,0,0,0,0,0,0,0,0,0,0,0,0,0,0,0,0,1,0,0,0,0,0,0,0,0,0,0,0,0,0,2.23606797749979,0,0,0,0,0,0,0,0,0,0,0,0,0,0,0,0,0,0,0,0,0,0,0,0,0,0,0,0,0,0,0,0,0,0,0,1,0,0,1,0,0,0,0,0,0,0,1,0,1.4142135623730951,0,0,0,0,0,0,0,0,0,1.7320508075688772,6.708203932499369,1,0,0,0,0,0,0,0,0,0,4,0,0,0,0,,"2004","West","Rincon","Tres Palmas 20m","Intermediate","3","2004Tres Palmas 20m3","2004_Tres Palmas 20m","2004_Rincon","2004_West"
0,0,0,0,0,0,0,0,1,1,1,0,0,0,0,0,0,0,0,0,0,0,0,0,0,0,1,0,0,0,0,0,0,0,1.4142135623730951,0,0,0,0,0,0,0,0,0,1.4142135623730951,0,0,0,1,0,0,0,5.196152422706632,0,0,0,3.872983346207417,0,0,0,6,17.320508075688775,1,0,0,0,0,0,0,0,0,0,0,0,0,0,0,1.4142135623730951,0,0,0,0,0,0,0,0,0,0,0,0,0,0,0,0,0,0,0,0,0,0,0,0,1,0,0,0,0,0,0,0,0,0,0,1.7320508075688772,0,0,0,0,0,0,0,0,0,0,1,0,0,0,0,0,0,0,0,1,0,0,0,0,0,0,0,0,0,0,0,0,0,0,0,0,0,1,0,0,0,0,0,0,1,0,0,0,0,0,0,0,0,0,0,0,1,1,0,0,0,0,0,0,0,0,0,0,0,0,0,0,0,0,0,1,0,0,0,0,0,0,0,0,0,0,0,0,0,0,0,1,0,1,1,0,0,0,0,0,0,0,0,0,1,0,0,0,0,0,0,0,0,0,0,0,0,7.615773105863909,0,0,0,1,0,0,0,0,0,0,3.4641016151377544,0,0,0,0,,"2004","West","Rincon","Tres Palmas 20m","Intermediate","4","2004Tres Palmas 20m4","2004_Tres Palmas 20m","2004_Rincon","2004_West"
0,0,0,0,0,0,0,0,1,0,0,0,0,0,1,0,0,0,0,0,0,0,0,0,0,0,0,0,0,0,0,0,0,0,1,0,0,0,0,0,1,0,0,0,1,1,0,0,1,0,0,0,5.5677643628300215,0,1,0,2,0,0,0,4.358898943540674,13.038404810405298,0,0,0,0,0,0,0,0,0,0,0,0,0,0,0,1.4142135623730951,0,0,0,0,0,0,0,0,0,0,0,0,0,0,0,0,0,0,0,0,0,0,0,0,1,1,0,0,0,0,0,0,0,0,0,1.4142135623730951,0,0,0,0,0,0,0,0,0,0,1,0,0,0,0,0,0,0,0,0,0,1,0,0,0,0,0,0,0,0,0,0,0,0,0,0,0,0,0,0,0,0,0,0,0,0,0,3.7416573867739413,0,0,0,0,0,0,0,0,1,0,0,0,0,0,0,0,0,0,0,0,0,0,0,0,0,0,0,1,0,0,0,0,0,0,0,0,0,0,0,0,0,0,0,0,0,0,0,0,0,0,0,0,0,0,0,0,0,0,2,0,0,0,0,0,0,0,0,0,1,7.483314773547883,1,0,0,0,0,0,0,0,0,0,1.4142135623730951,0,0,0,0,,"2004","West","Rincon","Tres Palmas 20m","Intermediate","5","2004Tres Palmas 20m5","2004_Tres Palmas 20m","2004_Rincon","2004_West"
0,1.4142135623730951,0,0,0,0,0,0,0,1.4142135623730951,0,0,0,0,0,0,0,0,0,0,0,0,0,0,0,0,1.4142135623730951,0,0,0,0,0,1,0,0,0,0,0,0,0,0,0,0,0,0,0,0,0,0,0,0,0,0,0,0,0,0,0,0,0,0,0,0,0,0,0,0,0,0,0,0,0,0,0,0,0,0,0,0,0,0,0,0,0,0,0,0,0,0,0,0,0,0,0,0,0,0,0,0,0,0,1,0,0,0,0,0,0,0,0,0,1,0,0,0,0,0,0,0,0,0,0,0,0,0,0,0,0,0,0,0,0,0,0,0,0,0,0,0,0,0,0,0,0,0,0,0,0,0,0,0,0,0,0,0,0,0,0,0,0,0,0,0,0,0,0,0,0,0,0,0,0,0,0,1.4142135623730951,3.872983346207417,0,0,0,0,0,0,0,0,0,0,10,0,0,0,0,0,0,0,0,0,0,0,0,0,0,0,0,0,0,0,0,0,0,0,0,0,0,0,0,0,0,0,0,0,0,0,0,1,0,0,0,0,1,0,0,0,0,0,0,0,0,0,0,0,0,0,2.8284271247461903,0,0,0,0,,"2004","West","Rincon","Tres Palmas 5m","Very Shallow","1","2004Tres Palmas 5m1","2004_Tres Palmas 5m","2004_Rincon","2004_West"
0,1.4142135623730951,0,0,0,0,0,0,0,1.4142135623730951,0,0,0,0,0,0,0,0,0,0,0,0,0,0,0,0,0,0,0,0,0,0,0,0,0,0,0,0,0,0,0,0,0,0,0,0,0,0,0,0,0,0,0,0,1,0,0,0,0,0,0,0,0,0,0,0,0,0,0,0,0,0,0,2.449489742783178,0,0,0,0,0,0,0,0,0,0,0,0,0,0,0,0,0,0,0,0,0,0,0,0,0,0,0,0,0,0,0,0,0,0,3,0,0,0,0,0,0,0,0,0,0,1.4142135623730951,0,0,0,0,1,0,0,0,0,0,0,0,0,0,0,0,0,0,0,0,0,0,0,0,0,0,0,0,0,0,0,0,0,0,0,0,0,0,1.4142135623730951,0,0,0,0,0,0,0,0,0,0,0,1,0,0,0,0,3.4641016151377544,0,0,0,0,0,0,0,0,0,0,0,0,0,0,0,0,0,0,0,0,0,0,0,0,0,0,0,0,0,0,0,0,0,0,0,0,0,0,0,0,0,0,0,0,0,1.4142135623730951,0,0,0,0,0,0,3.4641016151377544,0,0,0,0,0,0,0,0,0,0,0,0,0,3.7416573867739413,0,0,0,0,,"2004","West","Rincon","Tres Palmas 5m","Very Shallow","2","2004Tres Palmas 5m2","2004_Tres Palmas 5m","2004_Rincon","2004_West"
3.3166247903554,1,0,0,0,0,0,0,0,0,0,0,0,0,1,0,0,0,0,0,0,0,0,0,0,0,0,0,0,0,0,0,0,0,0,0,0,0,0,0,0,0,0,0,0,0,0,0,0,0,0,0,0,0,0,0,0,0,0,0,0,0,0,0,0,0,0,0,0,0,0,0,0,3.7416573867739413,0,0,0,0,0,0,0,0,0,0,0,0,0,0,0,0,0,0,0,0,0,0,0,0,0,0,0,0,0,0,0,0,0,0,0,0,0,0,0,0,1,0,0,0,0,0,0,0,0,0,0,0,0,0,0,0,0,0,0,0,0,0,0,0,0,0,0,0,0,0,0,0,0,0,0,0,0,0,0,0,0,0,0,0,1.7320508075688772,0,0,0,0,0,0,0,0,0,0,0,0,0,0,0,0,4,0,0,0,0,0,0,0,0,0,0,0,0,0,0,0,0,0,0,0,0,0,0,0,0,0,0,0,0,0,0,0,0,0,0,0,0,0,0,0,0,0,0,0,0,0,1,0,1,0,0,0,0,4.69041575982343,0,0,0,0,0,0,0,0,0,0,0,0,0,2.6457513110645907,0,0,0,0,,"2004","West","Rincon","Tres Palmas 5m","Very Shallow","3","2004Tres Palmas 5m3","2004_Tres Palmas 5m","2004_Rincon","2004_West"
0,1,0,0,0,0,0,0,0,1.7320508075688772,1.7320508075688772,0,0,0,0,0,0,0,0,0,0,0,0,0,0,0,0,0,0,0,0,0,0,0,0,0,0,0,0,0,0,0,0,0,0,0,0,0,1.4142135623730951,0,0,0,0,0,0,0,0,0,0,0,0,0,0,0,0,0,0,0,0,0,0,0,0,3,0,0,0,0,0,0,0,0,0,0,0,0,0,0,0,0,0,0,0,0,0,0,0,0,0,0,0,0,0,0,0,0,0,0,1,0,0,0,0,0,0,0,1,0,0,0,0,0,0,0,0,0,0,0,0,0,0,0,0,0,0,0,0,0,0,0,0,0,0,0,0,0,0,0,0,0,0,0,0,0,0,0,0,0,1,0,0,3.3166247903554,0,0,0,0,0,0,0,0,0,0,0,0,0,3,0,0,0,0,0,0,0,0,0,0,0,0,0,0,0,0,0,0,0,0,0,0,0,0,0,0,0,0,0,0,0,0,0,0,0,0,0,0,0,0,0,0,0,0,1.4142135623730951,1,0,1.4142135623730951,0,0,0,0,3.872983346207417,0,0,0,0,0,0,0,0,0,0,0,0,0,3.1622776601683795,0,0,0,0,,"2004","West","Rincon","Tres Palmas 5m","Very Shallow","4","2004Tres Palmas 5m4","2004_Tres Palmas 5m","2004_Rincon","2004_West"
0,0,0,0,0,0,0,0,0,1.4142135623730951,2,0,0,0,1,0,0,0,0,0,0,0,0,0,0,0,1,0,0,0,0,0,0,0,0,0,0,0,0,0,0,0,0,0,0,0,0,0,0,0,0,0,0,0,0,0,0,0,0,0,0,0,0,0,0,0,0,0,0,0,0,0,0,0,0,0,0,0,0,0,0,0,0,0,0,0,0,0,0,0,0,0,0,0,0,0,0,0,0,0,0,0,0,0,0,0,0,0,0,0,0,0,0,0,1,0,1,0,0,0,0,0,0,0,0,0,0,0,0,0,0,0,0,0,0,0,0,0,0,0,0,0,0,0,0,0,0,0,0,0,0,0,0,0,0,0,0,0,1.7320508075688772,0,0,0,0,0,0,0,0,0,0,0,0,0,0,0,0,2.449489742783178,0,0,0,0,0,0,0,0,0,0,0,0,0,0,0,0,0,0,0,0,0,0,0,0,0,0,0,0,0,0,0,0,0,0,0,0,0,0,0,0,0,0,0,0,0,0,0,1.4142135623730951,0,0,0,0,4.358898943540674,0,0,0,0,0,0,0,0,0,0,0,0,0,2.6457513110645907,0,0,0,0,,"2004","West","Rincon","Tres Palmas 5m","Very Shallow","5","2004Tres Palmas 5m5","2004_Tres Palmas 5m","2004_Rincon","2004_West"
0,0,0,0,0,0,0,0,0,0,1.4142135623730951,0,0,0,0,1,0,0,0,0,0,0,0,0,0,0,0,0,0,0,0,0,0,0,0,0,0,0,0,0,0,0,0,0,0,1.4142135623730951,0,0,0,0,0,1.4142135623730951,1.4142135623730951,0,0,0,0,0,0,1,0,0,1,0,0,0,0,0,0,0,0,0,0,0,0,0,0,2,0,0,0,0,0,0,0,0,1,0,0,0,0,0,0,0,0,0,0,0,0,0,0,0,0,0,0,0,0,0,0,0,0,0,0,2.23606797749979,0,0,0,0,0,0,0,0,0,0,0,0,0,0,0,0,0,0,0,0,0,0,0,0,0,0,0,0,0,0,0,0,0,0,0,0,0,0,0,0,0,0,0,0,0,0,0,0,0,0,0,0,0,0,0,0,0,0,0,0,0,0,0,0,0,0,0,0,0,0,0,0,0,0,0,0,0,0,0,0,0,0,1,0,0,0,0,0,0,0,0,2.449489742783178,0,0,0,0,0,0,0,0,1,0,1.4142135623730951,0,1.4142135623730951,0,1,0,0,1,0,0,0,0,0,0,1,5.291502622129181,0,0,0,0,0,0,0,0,0,0,6.708203932499369,0,0,0,0,,"2005","West","Rincon","Tres Palmas 10m","Shallow","1","2005Tres Palmas 10m1","2005_Tres Palmas 10m","2005_Rincon","2005_West"
0,0,0,0,0,0,0,0,1.4142135623730951,1,1.4142135623730951,0,0,0,1,1,0,0,0,0,0,0,1,1,0,0,0,0,0,0,0,0,0,0,0,0,0,0,0,0,0,0,0,0,0,1,0,0,0,0,0,0,5.656854249492381,0,0,0,0,0,0,2.449489742783178,0,0,0,0,0,0,1.4142135623730951,0,0,0,0,0,0,0,0,0,0,2.23606797749979,0,0,0,0,0,0,0,0,0,0,0,0,0,0,0,0,0,0,0,0,0,0,0,0,0,0,0,0,0,0,0,0,0,0,0,1.4142135623730951,1.7320508075688772,0,0,0,0,0,0,0,0,0,1,0,0,0,0,0,0,0,0,0,0,0,0,0,0,0,0,0,0,0,0,0,0,0,0,0,0,0,0,0,0,0,1,0,0,0,0,0,0,1,0,0,0,0,0,0,0,0,0,0,0,0,0,0,0,0,0,0,0,0,0,0,0,0,0,0,0,0,0,0,0,0,1,0,0,0,0,0,0,0,0,0,0,1.4142135623730951,0,0,0,0,0,0,0,0,1,0,1,0,2,0,0,1,0,0,0,0,0,0,0,6,0,0,0,1,0,0,0,0,0,0,5.5677643628300215,0,0,0,0,,"2005","West","Rincon","Tres Palmas 10m","Shallow","2","2005Tres Palmas 10m2","2005_Tres Palmas 10m","2005_Rincon","2005_West"
0,0,0,0,0,0,0,0,0,0,1.4142135623730951,0,0,0,0,1,0,0,0,0,0,0,0,0,0,0,0,0,0,0,0,0,0,0,0,0,0,0,0,0,0,0,0,0,0,1.7320508075688772,0,0,1.4142135623730951,0,0,0,0,0,0,0,0,0,0,1,0,0,0,0,0,0,1,1,0,0,0,0,0,0,0,0,0,1,0,0,0,0,0,0,1,0,0,0,0,0,0,0,0,0,0,0,0,0,0,0,0,0,0,0,0,0,0,0,0,0,0,0,0,0,1,0,0,0,0,0,0,0,0,0,0,0,0,0,0,0,0,0,0,0,0,0,0,0,0,0,0,0,0,0,0,0,0,0,0,0,0,0,0,0,0,0,1,0,0,0,0,0,0,0,0,0,0,0,0,0,0,0,0,0,0,0,0,0,0,0,0,0,0,0,0,0,0,0,0,0,0,0,0,0,0,0,1,0,0,0,0,0,0,0,0,1,0,1,0,0,0,0,0,0,0,0,0,0,1,0,2.449489742783178,0,0,1.4142135623730951,0,0,0,0,0,0,0,6.324555320336759,0,0,0,1,0,0,0,0,0,0,4.795831523312719,0,0,0,0,,"2005","West","Rincon","Tres Palmas 10m","Shallow","3","2005Tres Palmas 10m3","2005_Tres Palmas 10m","2005_Rincon","2005_West"
0,0,0,0,0,0,0,0,1.4142135623730951,0,0,0,0,0,0,0,0,0,0,0,0,0,0,1,0,0,0,0,0,0,0,0,0,0,1,0,0,0,0,0,0,0,0,0,0,1.4142135623730951,0,0,0,0,0,0,0,0,0,0,0,0,0,1,0,0,0,0,0,0,1,0,0,0,0,0,0,0,0,0,0,2.23606797749979,0,0,0,0,0,0,0,0,0,0,0,0,0,0,0,0,0,0,0,0,0,0,0,0,0,0,0,0,0,0,0,0,0,0,0,0,1,0,0,0,0,0,0,0,0,0,0,0,0,0,0,0,0,0,0,0,0,0,0,0,0,0,0,0,0,0,0,0,0,0,0,0,0,0,0,0,0,0,1,0,1,0,0,0,0,0,0,0,0,0,0,0,0,0,0,0,0,0,0,0,0,0,0,0,0,0,0,0,0,0,0,0,0,0,0,0,0,0,1,0,0,0,0,0,0,0,0,1,0,0,0,0,0,0,0,0,0,0,1.4142135623730951,0,1.4142135623730951,0,1,0,0,0,0,0,0,0,0,0,0,6.244997998398398,0,0,0,1,0,0,0,0,0,0,7.937253933193772,0,0,0,0,,"2005","West","Rincon","Tres Palmas 10m","Shallow","4","2005Tres Palmas 10m4","2005_Tres Palmas 10m","2005_Rincon","2005_West"
0,0,0,0,0,0,0,0,0,1,1,0,0,0,1.4142135623730951,1,0,0,0,0,0,0,0,1,0,0,1,0,0,0,0,0,0,0,0,0,0,0,0,0,0,0,0,0,0,1,0,0,0,0,0,0,0,0,0,0,0,0,0,0,0,0,0,0,0,0,0,0,0,1,0,0,0,0,0,0,0,1.4142135623730951,0,0,0,0,0,0,0,0,0,0,0,0,0,0,0,0,0,0,0,0,0,0,0,0,0,0,0,0,0,0,0,0,0,0,0,0,1.4142135623730951,0,1,0,0,0,0,0,0,0,1,0,0,0,0,0,0,0,0,0,0,0,0,0,0,0,0,0,0,0,0,0,0,0,0,0,0,0,0,0,0,0,1.7320508075688772,0,1.7320508075688772,0,0,0,0,0,0,0,0,0,0,0,0,0,0,0,0,1,0,0,0,0,0,0,0,0,0,0,0,0,0,0,0,0,1,0,0,0,0,0,0,0,0,0,0,0,0,0,0,0,0,0,0,0,0,0,0,0,1,0,1,0,2.23606797749979,0,0,1,0,0,0,0,0,0,0,5.477225575051661,0,0,0,0,0,0,0,0,0,0,4.358898943540674,0,0,0,0,,"2005","West","Rincon","Tres Palmas 10m","Shallow","5","2005Tres Palmas 10m5","2005_Tres Palmas 10m","2005_Rincon","2005_West"
0,0,0,0,0,0,0,0,0,0,0,0,0,0,1.4142135623730951,0,0,0,0,0,1,0,0,1,0,0,1,0,0,0,0,0,0,0,1.4142135623730951,0,0,0,0,0,0,0,0,0,1,0,0,0,1,0,0,0,11.180339887498949,0,2.23606797749979,0,1,0,0,0,7.3484692283495345,10.954451150103322,0,0,0,0,0,0,0,0,0,0,0,0,0,0,0,1.4142135623730951,0,0,0,0,0,0,0,0,0,0,0,0,0,0,8.888194417315589,0,0,0,0,0,0,0,0,0,2,0,1,0,0,0,0,0,0,0,0,1,0,0,0,0,0,0,0,0,0,0,0,0,0,0,0,0,0,0,0,1,0,1,0,0,0,0,0,0,0,0,0,0,0,0,0,0,0,0,0,0,0,0,0,1,0,0,0,2.6457513110645907,0,0,0,0,0,0,0,0,2.23606797749979,1,0,0,0,0,0,0,0,0,0,0,0,0,0,0,0,0,0,0,0,0,0,0,0,0,0,0,0,0,0,0,0,0,0,1,0,0,0,0,0,0,0,0,1,0,2,0,1.4142135623730951,0,2,0,0,0,0,0,0,0,0,0,1.7320508075688772,7.211102550927978,0,0,1,0,0,0,0,0,1,0,6.928203230275509,0,0,0,0,,"2005","West","Rincon","Tres Palmas 20m","Intermediate","1","2005Tres Palmas 20m1","2005_Tres Palmas 20m","2005_Rincon","2005_West"
0,0,0,0,0,0,0,0,1,0,0,0,0,0,1.4142135623730951,0,0,0,0,0,0,0,0,0,0,0,0,0,0,0,0,0,0,0,0,0,0,0,0,0,0,0,0,0,0,1,0,0,1.4142135623730951,0,0,0,4.47213595499958,0,1.4142135623730951,0,0,0,0,0,6.164414002968976,13.784048752090222,0,0,0,0,0,0,0,0,0,0,0,0,0,0,0,1.7320508075688772,0,0,0,0,0,0,0,0,0,0,0,0,0,0,0,0,0,0,0,0,0,0,0,0,0,0,0,0,0,0,0,0,0,0,0,2.6457513110645907,0,0,0,0,0,0,0,0,0,0,0,0,0,0,0,0,0,0,0,1.4142135623730951,0,0,0,0,0,0,0,0,0,0,0,0,0,0,0,0,0,0,0,0,0,0,0,0,0,0,0,0,0,0,0,0,0,0,0,0,1.4142135623730951,0,0,0,0,0,0,0,0,0,0,0,0,0,0,0,0,0,0,0,0,0,0,0,0,0,0,0,0,0,0,0,0,0,0,0,0,1.7320508075688772,0,0,0,0,0,0,0,0,1.4142135623730951,0,1,0,0,0,0,0,0,0,0,0,0,0,2,5.5677643628300215,0,0,0,0,0,0,0,0,0,0,5.916079783099616,0,0,0,0,,"2005","West","Rincon","Tres Palmas 20m","Intermediate","2","2005Tres Palmas 20m2","2005_Tres Palmas 20m","2005_Rincon","2005_West"
0,0,0,0,0,0,0,0,1.4142135623730951,1,1,0,0,0,0,0,0,0,0,0,0,0,0,0,0,0,0,0,0,0,0,0,0,0,1,0,0,0,0,0,0,0,0,0,1,0,0,0,0,0,0,1,0,0,4.58257569495584,0,2.449489742783178,0,0,0,1,10.344080432788601,0,0,0,0,0,0,0,0,0,0,0,0,0,0,0,1,0,0,0,0,0,0,0,0,0,0,0,0,0,0,0,0,0,0,0,0,0,0,0,0,1.7320508075688772,0,0,0,0,0,0,0,0,0,0,1.7320508075688772,0,0,0,0,0,0,0,0,1.4142135623730951,0,1,0,0,0,1,0,0,0,0,0,0,0,0,0,0,0,0,0,0,0,1,0,0,0,0,0,0,0,0,0,0,0,0,1.4142135623730951,0,0,0,0,0,0,0,0,0,0,0,0,1.4142135623730951,1,0,0,0,0,0,0,0,0,0,0,0,0,1.7320508075688772,0,0,0,0,1.7320508075688772,0,0,0,0,1,0,0,0,0,0,0,0,0,0,0,1.4142135623730951,0,1,0,0,0,0,0,0,0,0,0,0,1.4142135623730951,0,2.23606797749979,0,0,0,0,0,0,0,0,0,1.4142135623730951,6.082762530298219,0,0,0,0,0,0,0,0,0,0,3.4641016151377544,0,0,0,0,,"2005","West","Rincon","Tres Palmas 20m","Intermediate","3","2005Tres Palmas 20m3","2005_Tres Palmas 20m","2005_Rincon","2005_West"
0,0,0,0,0,0,0,0,0,0,1,0,0,0,1.7320508075688772,0,0,0,0,0,0,0,0,0,0,0,0,0,0,0,0,0,0,0,1.4142135623730951,0,0,0,0,0,0,0,0,0,1,0,0,0,1,0,0,0,5,0,0,0,3.872983346207417,0,0,0,6.244997998398398,10.488088481701515,0,0,0,0,0,0,0,0,0,0,0,0,0,0,0,1,0,0,0,0,0,0,0,0,0,0,0,0,0,0,0,0,0,0,0,0,0,0,0,0,1,0,0,0,0,0,0,0,0,0,0,2.23606797749979,0,0,0,0,0,0,0,0,0,0,0,0,0,0,0,0,0,0,0,0,0,0,0,0,0,0,0,0,0,0,0,0,0,0,0,0,0,0,0,0,0,0,0,0,0,0,0,0,0,0,0,0,0,0,0,0,1.4142135623730951,1.4142135623730951,0,0,0,0,0,0,0,0,0,0,0,0,0,0,0,0,0,1,0,0,0,0,0,0,0,0,0,0,0,0,0,0,0,0,0,0,0,0,0,0,0,0,0,0,0,0,0,0,2,0,0,0,0,0,0,0,0,0,0,6.708203932499369,0,0,1.4142135623730951,0,0,0,0,0,0,0,4.47213595499958,0,0,0,0,,"2005","West","Rincon","Tres Palmas 20m","Intermediate","4","2005Tres Palmas 20m4","2005_Tres Palmas 20m","2005_Rincon","2005_West"
0,0,0,0,0,0,0,0,1,0,0,0,0,0,1.4142135623730951,0,0,0,0,0,1,0,0,0,0,0,1,0,0,0,0,0,0,0,0,0,1,0,0,0,0,0,0,0,1,0,0,0,0,0,0,0,8.246211251235321,0,2.23606797749979,0,2,0,0,0,4.123105625617661,5.916079783099616,0,0,0,0,0,0,0,0,0,0,0,0,0,0,0,1.7320508075688772,0,0,0,0,0,0,0,0,0,0,0,0,0,0,0,0,0,0,0,0,0,0,0,0,0,0,0,0,0,0,0,0,0,0,0,0,0,0,0,0,0,0,0,0,0,0,0,0,0,0,0,0,0,0,0,0,0,0,0,0,0,0,0,0,0,0,0,0,0,0,0,0,0,0,0,0,0,0,0,1,0,0,0,0,0,1,0,0,0,0,0,0,1,1.4142135623730951,0,0,0,0,0,0,0,0,0,0,0,0,0,0,0,0,0,1,0,0,0,0,0,0,0,0,0,0,0,0,0,0,0,0,0,0,0,0,0,0,0,0,0,0,1.4142135623730951,0,0,0,2.23606797749979,0,0,0,0,0,0,0,0,0,1,6.855654600401044,0,0,0,0,0,0,0,0,0,0,8.366600265340756,0,0,0,0,,"2005","West","Rincon","Tres Palmas 20m","Intermediate","5","2005Tres Palmas 20m5","2005_Tres Palmas 20m","2005_Rincon","2005_West"
0,0,0,0,0,0,0,0,1,1,1,0,0,0,0,0,0,0,0,0,0,0,0,0,0,0,1,0,0,0,0,0,0,0,1,0,0,0,0,0,0,0,0,0,0,0,0,0,0,0,0,0,0,0,0,0,0,0,0,0,0,0,0,0,0,0,0,0,0,1,0,0,0,0,0,0,0,0,0,0,0,0,0,0,0,0,0,0,0,0,0,0,0,0,0,0,0,0,0,0,0,0,0,0,0,0,0,0,0,0,0,1.4142135623730951,0,0,0,0,1,0,0,0,0,0,0,0,0,0,0,0,0,0,0,0,0,0,0,0,0,0,0,0,0,0,0,0,0,0,0,0,0,0,0,0,0,0,0,0,0,0,1.7320508075688772,0,0,0,0,0,0,0,0,0,0,0,0,0,0,0,0,3.1622776601683795,0,0,0,0,0,0,0,0,0,0,0,5.385164807134504,0,0,0,0,0,0,0,0,0,0,0,0,0,0,0,0,0,0,0,0,0,0,0,0,0,0,0,0,0,0,0,0,0,0,0,1.4142135623730951,0,0,0,0,0,0,0,0,0,0,0,0,0,0,0,0,0,0,2.23606797749979,1,0,0,0,,"2005","West","Rincon","Tres Palmas 5m","Very Shallow","1","2005Tres Palmas 5m1","2005_Tres Palmas 5m","2005_Rincon","2005_West"
0,0,0,0,0,0,0,0,0,1,0,0,0,0,0,0,0,0,0,0,0,0,0,0,0,0,0,0,0,0,0,0,0,0,0,0,0,0,0,0,0,0,0,0,0,0,0,0,0,0,0,0,0,0,0,0,0,0,0,0,0,0,0,0,0,0,0,0,0,0,0,0,0,0,0,0,0,0,0,0,0,0,0,0,0,0,0,0,0,0,0,0,0,0,0,0,0,0,0,0,0,0,0,0,0,0,0,0,0,0,0,0,0,0,0,0,1,0,0,0,0,0,0,0,0,0,0,0,0,0,0,0,0,0,0,0,0,0,0,0,0,0,0,0,0,0,0,0,0,0,0,0,0,0,0,0,0,0,2.449489742783178,0,0,0,0,0,0,0,0,0,0,0,0,0,0,0,0,2.8284271247461903,0,0,0,0,0,0,0,0,0,0,0,2.23606797749979,0,0,0,0,0,0,0,0,0,0,0,0,0,0,0,0,0,0,0,0,0,0,0,0,0,0,0,0,0,0,0,0,0,0,0,0,0,0,0,0,3.872983346207417,0,0,0,0,0,0,0,0,0,0,0,0,0,3.3166247903554,0,0,0,0,,"2005","West","Rincon","Tres Palmas 5m","Very Shallow","2","2005Tres Palmas 5m2","2005_Tres Palmas 5m","2005_Rincon","2005_West"
0,0,0,0,0,0,0,0,0,0,0,0,0,0,0,0,0,0,0,0,0,0,0,0,0,0,0,0,0,0,0,0,0,0,0,0,0,0,0,0,0,0,0,0,0,0,0,0,0,0,0,0,0,0,0,0,0,0,0,0,0,0,0,0,0,0,0,0,0,0,0,0,0,1,0,0,0,0,0,0,0,0,0,0,0,0,0,0,0,0,0,1,0,0,0,0,0,0,0,0,0,0,0,0,0,0,0,0,0,0,0,0,0,0,1.7320508075688772,0,1.4142135623730951,0,0,0,0,0,0,0,0,0,0,0,0,0,0,0,0,0,0,0,0,1.7320508075688772,0,0,0,0,0,0,0,0,0,0,0,0,0,0,0,0,0,0,0,0,2.449489742783178,0,0,0,0,0,0,0,0,0,0,0,0,0,0,0,0,5,0,0,0,0,0,0,0,0,0,0,0,0,0,0,0,0,0,0,0,0,0,0,0,0,0,0,0,0,0,0,0,0,0,0,0,0,0,0,0,0,0,0,0,0,0,1,0,0,0,0,0,0,4.47213595499958,0,0,0,0,0,0,0,0,0,0,0,0,0,5.916079783099616,0,0,0,0,,"2005","West","Rincon","Tres Palmas 5m","Very Shallow","3","2005Tres Palmas 5m3","2005_Tres Palmas 5m","2005_Rincon","2005_West"
0,0,0,0,0,0,0,0,0,1.4142135623730951,0,0,0,0,0,0,0,0,0,0,0,0,0,0,0,0,1,0,0,0,0,0,0,0,0,0,0,0,0,0,0,0,0,0,0,0,0,0,0,0,0,0,0,0,0,0,0,0,0,0,0,0,0,0,0,0,0,0,0,0,0,1,0,0,0,0,0,0,0,0,0,0,0,0,0,0,0,0,0,0,0,0,0,0,0,0,0,0,0,0,0,0,0,0,0,0,0,0,0,0,0,0,0,0,1.4142135623730951,0,0,0,0,0,0,0,0,0,0,0,0,0,0,0,0,0,0,0,0,0,0,0,0,0,0,0,0,0,0,0,0,0,0,0,0,0,0,0,0,0,0,0,2.449489742783178,0,0,0,0,0,0,0,0,0,0,0,0,0,0,0,0,3.1622776601683795,0,0,0,0,0,0,0,0,0,0,0,0,0,0,0,0,0,0,0,0,0,0,0,0,0,0,0,0,0,0,0,0,0,0,0,0,0,0,0,0,0,0,0,0,0,1,0,0,0,0,0,0,3.3166247903554,0,0,0,0,0,0,0,0,0,0,0,0,0,6.708203932499369,0,0,0,0,,"2005","West","Rincon","Tres Palmas 5m","Very Shallow","4","2005Tres Palmas 5m4","2005_Tres Palmas 5m","2005_Rincon","2005_West"
0,0,0,0,0,0,0,0,1.4142135623730951,1,1.7320508075688772,0,0,0,0,0,0,0,0,0,0,0,0,0,0,0,0,0,0,0,0,0,0,0,0,0,0,0,0,0,1.4142135623730951,0,0,0,0,0,0,0,0,0,0,0,0,0,0,0,0,0,0,0,0,0,0,0,0,0,0,1,0,0,0,0,0,0,0,0,0,0,0,0,0,0,0,0,0,0,0,0,0,0,0,0,0,0,0,0,0,0,0,0,0,0,0,0,0,0,0,0,0,0,0,0,0,0,1.7320508075688772,0,1,0,0,0,0,0,0,1,0,0,0,0,0,0,0,0,0,0,0,0,0,0,0,0,0,0,0,0,0,0,0,0,0,0,0,0,0,0,0,0,1,0,1,0,0,0,0,0,0,0,0,0,0,0,0,0,0,0,0,3,0,0,0,0,0,0,0,0,0,0,0,0,0,0,0,0,0,0,0,0,0,0,0,0,0,0,0,0,0,0,0,0,0,0,0,0,0,0,0,0,0,0,0,0,0,0,0,1.4142135623730951,0,0,0,0,2,0,0,0,0,0,0,0,0,0,0,0,0,0,2.449489742783178,1.4142135623730951,0,0,0,,"2005","West","Rincon","Tres Palmas 5m","Very Shallow","5","2005Tres Palmas 5m5","2005_Tres Palmas 5m","2005_Rincon","2005_West"
0,0,0,0,0,0,0,0,0,1,1,0,0,0,1.4142135623730951,0,0,0,0,0,0,0,0,0,0,0,0,0,0,0,0,0,0,0,1,0,0,0,0,0,0,0,0,0,0,1.4142135623730951,0,0,1.4142135623730951,0,0,1,0,0,0,0,0,0,0,0,0,0,0,0,0,0,0,0,0,0,0,0,0,0,0,0,0,2,0,0,0,0,0,0,0,0,0,0,0,0,0,0,0,0,0,0,0,0,0,0,0,0,0,0,0,0,0,0,0,0,0,0,0,2.6457513110645907,2,0,0,0,0,0,0,0,0,0,0,0,0,0,0,0,0,0,0,0,0,0,0,0,0,0,0,0,0,0,0,0,0,0,0,0,0,0,0,0,0,0,1,0,0,0,0,0,0,0,0,0,0,0,0,0,0,0,0,0,0,0,0,0,0,0,0,0,0,0,0,0,0,0,0,0,0,0,0,0,0,0,0,0,0,0,0,0,0,0,0,1,0,2.23606797749979,0,0,0,0,0,0,0,0,1,0,1.4142135623730951,0,2.6457513110645907,0,0,0,0,1,0,0,0,0,0,9.16515138991168,0,0,0,0,0,0,0,0,0,0,4.47213595499958,0,0,0,0,,"2006","West","Rincon","Tres Palmas 10m","Shallow","1","2006Tres Palmas 10m1","2006_Tres Palmas 10m","2006_Rincon","2006_West"
0,0,0,0,0,0,0,0,1,1,1.4142135623730951,0,0,0,0,0,3.3166247903554,1,0,0,0,0,0,0,0,0,0,0,0,0,0,0,0,0,0,0,0,0,0,0,0,0,0,0,0,1.7320508075688772,0,0,0,0,0,0,6.48074069840786,0,1,0,1,0,0,0,0,0,0,0,0,0,0,0,0,0,0,0,0,0,0,0,0,1,0,0,0,0,0,0,0,0,0,0,0,0,0,0,0,0,0,0,0,0,0,0,0,0,0,0,0,0,1,0,0,0,0,0,0,1.7320508075688772,1.7320508075688772,0,1,0,0,0,0,0,0,1,1,0,0,0,0,0,0,0,0,0,0,0,0,0,0,0,0,0,0,0,0,0,0,0,0,0,0,0,0,0,0,0,0,0,0,0,0,0,0,0,0,0,0,0,0,0,0,1,0,0,0,0,0,0,0,0,0,0,0,0,0,0,0,0,0,0,0,0,0,0,0,0,0,0,0,0,0,0,0,0,0,1,0,0,0,0,0,0,0,0,0,0,1,0,1,0,2.23606797749979,0,0,1.4142135623730951,0,1,0,0,0,0,0,8.660254037844387,0,0,0,0,0,0,0,0,0,0,6.855654600401044,0,0,0,0,,"2006","West","Rincon","Tres Palmas 10m","Shallow","2","2006Tres Palmas 10m2","2006_Tres Palmas 10m","2006_Rincon","2006_West"
0,0,0,0,0,0,0,0,1,1,1.4142135623730951,0,0,0,0,0,0,0,0,0,0,0,0,0,0,0,1,0,0,0,0,0,1,0,1,0,0,0,0,0,0,0,0,0,0,1.4142135623730951,0,0,1.4142135623730951,0,0,0,1.7320508075688772,0,0,0,0,0,0,0,0,0,0,0,0,0,0,0,0,0,0,0,0,0,0,0,0,1.7320508075688772,0,0,0,1,0,0,0,0,0,0,0,0,0,0,0,0,0,0,0,0,0,0,0,0,1,0,0,0,0,0,0,0,0,0,0,1.4142135623730951,0,0,0,1,0,0,0,0,0,0,0,0,0,0,0,0,0,0,0,0,0,0,0,0,0,0,0,0,0,0,0,0,0,0,0,0,0,0,0,0,0,0,0,0,0,0,0,0,0,0,0,0,0,0,0,0,1,0,0,0,0,0,0,0,0,0,0,0,0,0,0,0,0,0,0,0,0,0,0,0,0,0,0,0,0,0,0,0,0,0,0,0,0,0,0,0,0,0,0,0,0,0,1,0,1,0,2,0,0,0,0,0,0,0,0,0,1,9.643650760992955,0,0,0,0,0,0,0,0,0,0,5.830951894845301,0,0,0,0,,"2006","West","Rincon","Tres Palmas 10m","Shallow","3","2006Tres Palmas 10m3","2006_Tres Palmas 10m","2006_Rincon","2006_West"
0,0,0,0,0,0,0,0,0,1.4142135623730951,1,0,0,0,0,0,0,0,0,0,0,0,0,0,0,0,0,0,0,0,0,0,0,0,0,0,0,0,0,0,0,0,0,0,0,2,0,0,1.4142135623730951,0,0,0,1.4142135623730951,0,0,0,0,0,0,0,0,0,0,0,0,0,0,0,0,0,0,0,0,0,0,0,0,2.8284271247461903,0,0,0,0,0,0,0,0,0,0,0,0,0,0,0,0,0,0,0,0,0,0,0,0,0,0,0,0,0,0,0,0,0,0,0,1.4142135623730951,1.7320508075688772,0,0,0,0,0,0,0,0,0,0,0,0,0,0,0,0,0,0,0,0,0,0,0,0,0,0,0,0,0,0,0,0,0,0,0,0,0,0,0,0,0,1.4142135623730951,0,0,0,0,0,0,0,0,0,0,0,0,0,0,0,0,0,0,1.4142135623730951,0,0,0,0,0,0,0,0,0,0,0,0,0,0,0,0,0,0,0,0,0,0,0,0,0,0,0,0,0,0,0,1,0,0,0,0,0,0,0,0,1,0,1.4142135623730951,0,2,0,0,1,0,0,0,0,0,0,1,10.198039027185569,0,1,0,0,0,0,0,0,0,0,7.211102550927978,0,0,0,0,,"2006","West","Rincon","Tres Palmas 10m","Shallow","4","2006Tres Palmas 10m4","2006_Tres Palmas 10m","2006_Rincon","2006_West"
0,0,0,0,0,0,0,0,1.7320508075688772,1.4142135623730951,0,0,0,0,1,0,0,0,0,0,0,0,0,0,0,0,0,0,0,0,0,0,0,0,1,0,0,0,0,0,0,0,0,0,0,1.4142135623730951,0,0,1.4142135623730951,0,0,0,0,0,0,0,0,0,0,0,0,0,0,0,0,0,0,0,0,0,0,0,0,0,0,0,0,1.4142135623730951,0,0,0,0,0,0,0,0,0,0,0,0,0,0,0,0,0,0,0,0,0,0,0,0,0,0,0,0,0,0,0,0,0,0,0,0,1,0,0,0,0,0,0,0,0,0,1,0,0,0,0,0,0,0,0,0,0,0,0,0,0,0,0,0,0,0,0,0,0,0,0,0,0,0,0,0,0,0,1.7320508075688772,0,1,0,0,0,0,0,0,0,0,0,0,0,0,0,0,0,0,0,0,0,0,0,0,0,0,0,0,0,0,0,0,0,0,0,0,0,0,0,0,0,0,0,0,0,0,0,0,1.4142135623730951,0,0,0,0,0,0,0,0,0,0,1,0,1.4142135623730951,0,1.7320508075688772,0,0,0,0,0,0,0,0,0,0,9.746794344808963,0,0,0,0,0,0,0,0,0,0,4.358898943540674,0,0,0,0,,"2006","West","Rincon","Tres Palmas 10m","Shallow","5","2006Tres Palmas 10m5","2006_Tres Palmas 10m","2006_Rincon","2006_West"
0,0,0,0,0,0,0,0,1,0,1,0,0,0,1,0,0,1,0,0,0,0,0,0,0,0,1,0,0,0,0,0,0,0,1.4142135623730951,0,0,0,0,0,0,0,0,0,0,0,0,0,1.4142135623730951,0,0,0,6.48074069840786,2.449489742783178,2.449489742783178,0,1.7320508075688772,0,0,0,5.744562646538029,10,0,0,0,0,0,0,0,0,0,0,0,0,0,0,0,0,0,0,0,0,0,0,0,0,0,0,0,0,0,0,5.477225575051661,0,0,0,0,0,0,0,0,0,3.4641016151377544,0,0,0,0,0,0,0,0,0,0,3.4641016151377544,0,0,0,0,0,0,0,1,0,0,0,0,0,0,0,0,0,0,0,1,0,1,0,0,0,0,0,0,0,0,0,0,0,0,0,0,0,0,0,0,0,0,0,0,0,0,0,4.242640687119285,0,0,0,0,0,0,0,0,0,1.4142135623730951,0,0,0,0,0,0,0,0,0,0,0,0,1,0,0,0,0,0,0,0,0,0,0,0,0,0,0,0,0,0,0,0,0,1,0,0,0,0,0,0,0,0,0,0,1,0,1.4142135623730951,0,0,0,0,0,0,0,0,0,0,0,1.4142135623730951,7.211102550927978,0,0,0,0,0,0,0,0,0,0,5.0990195135927845,0,0,0,0,,"2006","West","Rincon","Tres Palmas 20m","Intermediate","1","2006Tres Palmas 20m1","2006_Tres Palmas 20m","2006_Rincon","2006_West"
0,0,0,0,0,0,0,0,0,0,1,0,0,0,0,0,0,0,0,0,0,0,0,0,0,0,0,0,0,0,0,0,0,0,0,0,0,0,0,0,1.4142135623730951,0,0,0,1.4142135623730951,0,0,0,1,0,0,0,3.872983346207417,0,1.4142135623730951,0,1.4142135623730951,0,0,0,5.0990195135927845,13.416407864998739,1,0,0,0,0,0,0,0,0,0,0,0,0,0,0,1.4142135623730951,0,0,0,0,0,0,0,0,0,0,0,0,0,0,0,0,0,0,0,0,0,0,0,0,0,0,0,0,0,0,0,0,0,0,0,1.7320508075688772,0,0,0,0,0,0,0,0,1,0,0,0,0,0,0,0,0,0,0,1.4142135623730951,0,0,0,0,0,0,0,0,0,0,0,0,0,0,0,0,0,0,0,0,0,0,0,0,0,0,0,0,0,0,0,0,0,0,0,0,1,1.4142135623730951,0,0,0,0,0,0,0,0,0,0,0,0,0,0,0,0,0,0,0,0,0,0,0,0,0,0,0,0,0,0,0,0,0,0,0,0,0,0,0,0,0,0,0,0,0,0,0,0,1.7320508075688772,0,0,0,0,0,0,0,0,0,2.449489742783178,4.795831523312719,0,0,0,0,0,0,0,0,0,0,3.7416573867739413,0,0,0,0,,"2006","West","Rincon","Tres Palmas 20m","Intermediate","2","2006Tres Palmas 20m2","2006_Tres Palmas 20m","2006_Rincon","2006_West"
0,0,0,0,0,0,0,0,0,0,1,0,0,0,1,0,0,0,0,0,0,0,0,0,0,0,1,0,0,0,0,0,0,0,1.4142135623730951,0,0,0,0,0,0,0,0,0,1.4142135623730951,0,0,0,1.4142135623730951,0,0,0,3.872983346207417,0,1.4142135623730951,0,2.8284271247461903,0,0,0,4.69041575982343,3.7416573867739413,1,0,0,0,0,0,0,0,0,0,0,0,0,0,0,2.6457513110645907,0,0,0,0,0,0,0,0,0,0,0,0,0,0,0,0,0,0,0,0,0,0,0,0,0,0,0,0,0,0,0,0,0,0,0,1,0,0,0,0,0,0,0,0,0,0,1,0,0,0,0,0,0,0,0,0,0,0,0,0,0,0,0,0,0,0,0,0,0,0,0,0,0,0,0,0,0,0,0,1,0,0,0,0,0,0,0,0,0,0,0,0,1.4142135623730951,1,0,0,0,0,0,0,0,0,0,0,0,0,0,0,0,0,0,0,0,0,0,0,0,0,0,0,0,0,0,0,0,0,0,1.4142135623730951,0,0,0,0,0,0,0,0,0,0,0,0,1,1,2.23606797749979,0,0,0,0,0,0,0,0,0,1.7320508075688772,5.744562646538029,0,0,0,0,0,0,0,0,0,0,2.23606797749979,0,0,0,0,,"2006","West","Rincon","Tres Palmas 20m","Intermediate","3","2006Tres Palmas 20m3","2006_Tres Palmas 20m","2006_Rincon","2006_West"
0,0,0,0,0,0,0,0,1,1,0,0,0,0,1,0,0,0,0,0,0,0,0,0,0,0,1,0,0,0,0,0,0,0,1.4142135623730951,0,0,0,0,0,0,0,0,0,1.7320508075688772,0,0,0,0,0,0,0,5.830951894845301,0,1,0,5.291502622129181,0,0,0,3.7416573867739413,14.491376746189438,0,0,0,0,0,0,0,0,0,0,0,0,0,0,0,1.4142135623730951,0,0,0,0,0,0,0,0,0,0,0,0,0,0,0,0,0,0,0,0,0,0,0,0,0,0,0,0,0,0,0,0,0,0,0,2,0,0,0,0,0,0,0,1,0,0,1.4142135623730951,0,0,0,0,0,0,0,0,0,0,0,0,0,0,0,0,0,0,0,0,0,0,0,0,0,0,0,0,0,0,0,0,0,0,0,0,0,0,0,0,0,0,0,0,0,1.4142135623730951,1,0,0,0,0,0,0,0,0,0,1,0,0,0,0,0,0,0,0,0,0,0,0,0,0,0,0,0,0,0,0,0,0,0,1.4142135623730951,0,0,0,0,0,0,0,0,0,0,0,0,0,0,1.4142135623730951,0,0,0,0,0,0,0,0,0,1.4142135623730951,7.810249675906654,0,0,0,1.4142135623730951,0,0,0,0,1,0,3.4641016151377544,0,0,0,0,,"2006","West","Rincon","Tres Palmas 20m","Intermediate","4","2006Tres Palmas 20m4","2006_Tres Palmas 20m","2006_Rincon","2006_West"
0,0,0,0,0,0,0,0,0,0,1.4142135623730951,0,0,0,0,0,0,1,0,0,1.4142135623730951,0,0,0,0,0,1.4142135623730951,0,0,0,0,0,0,0,1.4142135623730951,0,0,0,0,0,0,0,0,0,1.4142135623730951,1,0,0,1.4142135623730951,0,0,0,3.4641016151377544,0,2,0,4.69041575982343,0,0,0,3.4641016151377544,10.246950765959598,0,0,0,0,0,0,0,0,0,0,0,0,0,0,0,1.4142135623730951,0,0,0,0,0,0,0,0,0,0,0,0,0,0,0,0,0,0,0,0,0,0,0,0,1,0,0,0,0,0,0,0,0,0,0,1.7320508075688772,0,0,0,0,0,0,0,0,0,0,0,0,0,0,0,0,0,0,0,0,0,0,0,0,0,0,0,0,0,0,0,0,0,0,0,0,0,0,0,0,0,0,0,0,0,0,0,0,0,0,0,0,0,0,0,0,1,1,0,0,0,0,0,0,0,0,0,0,0,0,0,0,0,0,0,0,0,0,0,0,0,0,0,0,0,0,0,0,0,0,0,0,0,0,0,0,0,0,0,0,0,0,1.4142135623730951,0,1.7320508075688772,0,1,0,0,0,0,0,0,0,0,0,1.7320508075688772,7.874007874011811,0,0,0,0,0,0,0,0,0,0,2.8284271247461903,0,0,0,0,,"2006","West","Rincon","Tres Palmas 20m","Intermediate","5","2006Tres Palmas 20m5","2006_Tres Palmas 20m","2006_Rincon","2006_West"
1,1,0,0,0,0,0,0,1.7320508075688772,2.6457513110645907,1,0,0,0,0,0,0,0,0,0,0,0,0,0,0,0,0,0,0,0,0,0,0,0,0,0,0,0,0,0,0,0,0,0,0,0,0,0,0,0,0,0,0,0,0,0,0,0,0,0,0,0,0,0,0,0,0,0,0,1,0,0,0,0,0,0,0,0,0,0,0,0,0,0,0,0,0,0,0,0,0,0,1,0,0,0,0,0,0,0,0,0,0,0,0,0,0,0,0,0,0,1,0,0,0,0,1,0,0,0,0,0,0,0,0,0,0,0,0,0,0,0,0,0,0,0,0,0,0,0,0,0,0,0,0,0,0,0,0,0,0,0,0,0,0,0,0,0,1.7320508075688772,0,0,1.4142135623730951,0,0,0,0,0,0,0,0,0,0,0,0,0,3.4641016151377544,0,0,0,0,0,0,0,0,0,0,1.7320508075688772,0,0,0,0,0,1,0,0,0,0,0,0,0,0,0,0,0,0,0,0,0,0,0,0,0,0,0,0,0,0,0,0,0,0,0,0,0,0,0,0,0,3.872983346207417,0,0,0,0,0,0,0,0,0,0,0,0,0,2.8284271247461903,0,0,0,0,,"2006","West","Rincon","Tres Palmas 5m","Very Shallow","1","2006Tres Palmas 5m1","2006_Tres Palmas 5m","2006_Rincon","2006_West"
1.7320508075688772,0,0,0,0,0,0,0,1,0,0,0,0,0,0,0,0,0,0,0,0,0,0,0,0,0,0,0,0,0,0,0,0,0,0,0,0,0,0,0,1,0,0,0,0,0,0,0,0,0,0,0,0,0,0,0,0,0,0,0,0,0,0,0,0,0,0,0,0,0,0,0,0,0,0,0,0,0,0,0,0,0,0,0,0,0,0,0,0,0,0,0,0,0,0,0,0,0,0,0,0,0,1,0,0,0,0,0,0,0,0,0,0,0,1.4142135623730951,0,0,0,0,0,0,0,0,0,0,0,0,0,0,0,0,0,0,0,0,0,0,0,0,0,0,0,0,0,0,0,0,0,0,0,0,0,0,0,0,0,0,0,2.8284271247461903,0,0,2.23606797749979,0,0,0,0,0,0,0,0,0,0,0,0,0,2.449489742783178,0,0,0,0,0,0,0,0,0,0,0,0,0,0,0,0,0,0,0,0,0,0,0,0,0,0,0,0,0,0,0,0,0,0,0,0,0,0,0,0,0,0,0,0,0,1.4142135623730951,0,1,0,0,0,0,4.123105625617661,0,0,0,0,0,0,0,0,0,0,0,0,0,2.6457513110645907,0,0,0,0,,"2006","West","Rincon","Tres Palmas 5m","Very Shallow","2","2006Tres Palmas 5m2","2006_Tres Palmas 5m","2006_Rincon","2006_West"
1.4142135623730951,0,0,0,0,0,0,0,0,0,0,0,0,0,0,0,0,0,0,0,0,0,0,0,0,0,1.4142135623730951,0,0,0,0,0,0,0,0,0,0,0,0,0,0,0,0,0,0,0,0,0,0,0,0,0,0,0,0,0,0,0,0,0,0,0,0,0,0,0,0,0,0,0,0,0,0,2.449489742783178,0,0,0,0,0,0,1,0,0,0,0,0,0,0,0,0,0,0,0,0,0,0,0,0,0,0,0,0,0,0,0,0,0,0,2.23606797749979,0,0,0,0,0,1.7320508075688772,0,1.4142135623730951,0,0,0,0,0,0,0,0,0,0,0,0,0,0,0,0,0,0,0,0,0,0,0,0,0,0,0,0,0,0,0,0,0,0,0,0,0,0,0,0,0,2.449489742783178,0,0,0,0,0,0,0,0,0,0,0,0,0,0,0,0,2.23606797749979,0,0,0,0,0,0,0,0,0,0,0,0,0,0,0,0,0,0,0,0,0,0,0,0,0,0,0,0,0,0,0,0,0,0,0,0,0,0,0,0,0,0,0,0,0,1,0,0,0,0,0,0,4,0,0,0,0,0,0,0,0,0,0,0,0,0,2.23606797749979,0,0,0,0,,"2006","West","Rincon","Tres Palmas 5m","Very Shallow","3","2006Tres Palmas 5m3","2006_Tres Palmas 5m","2006_Rincon","2006_West"
2.6457513110645907,0,0,0,0,0,0,0,0,0,0,0,0,0,0,0,0,0,0,0,0,0,0,0,0,0,0,0,0,0,0,0,0,0,0,0,0,0,0,0,0,0,0,0,0,0,0,0,0,0,0,0,0,0,0,0,0,0,0,0,0,0,0,0,0,0,0,0,0,0,0,0,0,2,0,0,0,0,0,0,0,0,0,0,0,0,0,0,0,0,0,0,0,0,0,0,0,0,0,0,0,0,0,0,0,0,0,0,0,0,0,2,0,0,0,0,0,0,0,0,0,0,0,0,0,0,0,0,0,0,0,0,0,0,0,0,0,0,0,0,0,0,0,0,0,0,0,0,0,0,0,0,0,0,0,0,0,0,2.449489742783178,0,0,0,0,0,0,0,0,0,0,0,0,0,0,0,0,2,0,0,0,0,0,0,1,0,0,0,0,0,0,0,0,0,0,0,0,0,0,0,0,0,0,0,0,0,0,0,0,0,0,0,0,0,0,0,0,0,0,0,0,0,0,0,0,0,0,0,0,0,3,0,0,0,0,0,0,0,0,0,0,0,0,0,2.449489742783178,1,0,0,0,,"2006","West","Rincon","Tres Palmas 5m","Very Shallow","4","2006Tres Palmas 5m4","2006_Tres Palmas 5m","2006_Rincon","2006_West"
1,0,0,0,0,0,0,0,1,1,0,0,0,0,0,0,0,0,0,0,0,0,0,0,0,0,0,0,0,0,0,0,1,0,0,0,0,0,0,0,0,0,0,0,0,0,0,0,0,0,0,0,0,0,0,0,0,0,0,0,0,0,0,0,0,0,0,0,0,0,0,0,0,0,0,0,0,0,0,0,0,0,0,0,0,0,0,0,0,0,0,0,0,0,0,0,0,0,0,0,0,0,0,0,0,0,0,0,0,0,0,2.23606797749979,0,0,1,0,0,0,0,0,0,0,0,0,0,0,0,0,0,0,0,0,0,0,0,0,0,0,0,0,0,0,0,0,0,0,1,0,0,0,0,0,0,0,0,0,0,0,1,0,0,0,0,0,0,0,0,0,0,0,0,0,0,1,0,1,0,0,0,0,0,0,0,0,0,0,0,0,0,0,0,0,0,0,0,0,0,0,0,0,0,0,0,0,0,0,0,0,0,0,0,0,0,0,0,0,0,0,0,0,0,2,0,0,0,0,0,0,2.23606797749979,0,0,0,0,0,0,0,0,0,0,0,0,0,1.7320508075688772,0,0,0,0,,"2006","West","Rincon","Tres Palmas 5m","Very Shallow","5","2006Tres Palmas 5m5","2006_Tres Palmas 5m","2006_Rincon","2006_West"
0,0,0,0,0,0,0,0,1.4142135623730951,0,1,0,0,0,0,1,0,0,0,0,0,0,0,0,0,0,0,0,0,0,0,0,0,0,0,0,0,0,0,0,0,0,0,0,0,1,0,0,1.4142135623730951,0,0,0,1.7320508075688772,0,0,0,0,0,0,0,0,0,1,0,0,0,0,0,0,0,0,0,0,1,0,0,0,1,0,0,0,0,0,0,0,0,0,0,0,0,0,0,0,0,0,0,0,0,0,0,0,0,0,0,0,0,0,0,0,0,0,0,0,2.23606797749979,1.4142135623730951,0,0,0,0,0,0,0,0,0,0,0,0,0,0,0,0,0,0,1,0,0,0,0,0,0,0,0,0,0,0,0,0,0,0,0,0,0,0,0,0,0,0,0,0,0,0,0,0,0,0,0,0,0,0,0,0,0,0,0,0,0,0,0,0,0,0,0,0,0,0,0,0,0,0,0,0,0,0,0,0,0,0,0,0,0,0,0,0,0,0,0,0,2,0,0,0,0,0,0,0,0,1,0,1,0,2.449489742783178,0,0,0,0,0,0,0,0,0,0,5.744562646538029,0,0,0,0,0,0,0,0,0,0,5.5677643628300215,0,0,0,0,,"2007","West","Rincon","Tres Palmas 10m","Shallow","1","2007Tres Palmas 10m1","2007_Tres Palmas 10m","2007_Rincon","2007_West"
0,0,0,0,0,0,0,0,1,1,1.4142135623730951,0,0,0,1,1,0,0,0,0,0,0,0,0,0,0,0,0,0,0,0,0,0,0,0,0,0,0,0,0,1,0,0,0,0,1,0,0,1.4142135623730951,0,0,0,1.4142135623730951,0,0,0,0,0,0,0,0,0,1,0,0,0,0,0,0,0,0,0,0,0,0,0,0,1,0,0,0,0,0,0,0,0,0,0,0,0,0,0,0,0,0,0,0,0,0,0,0,0,0,0,0,0,0,0,0,0,0,0,0,1.7320508075688772,0,0,0,0,0,0,0,0,0,0,0,0,0,0,0,0,0,0,0,0,0,0,0,0,0,0,0,0,0,0,0,0,0,0,0,0,0,0,0,0,0,0,0,0,0,0,0,0,0,0,0,0,0,0,0,0,0,0,0,0,0,0,0,0,0,0,0,0,0,0,0,0,0,0,0,0,0,0,0,0,0,0,0,0,0,0,0,0,0,0,0,1,0,0,0,0,0,0,0,0,0,0,1,0,2,0,2,0,0,0,0,0,0,0,0,0,0,6,0,0,0,1,0,0,0,0,0,0,4.242640687119285,0,0,0,0,,"2007","West","Rincon","Tres Palmas 10m","Shallow","2","2007Tres Palmas 10m2","2007_Tres Palmas 10m","2007_Rincon","2007_West"
0,0,0,0,0,0,0,0,0,0,1,0,0,0,0,0,0,0,0,0,0,0,0,0,0,0,0,0,0,0,0,0,0,0,1.4142135623730951,0,0,0,0,0,0,0,0,0,0,1.7320508075688772,0,0,0,0,0,0,0,0,0,0,0,0,0,0,0,0,1,0,0,0,0,0,0,0,0,0,0,0,0,0,0,1.7320508075688772,0,0,0,0,0,0,0,0,0,0,0,0,0,0,0,0,0,0,0,0,0,0,0,0,0,0,0,0,0,0,0,0,0,0,0,0,1.4142135623730951,0,0,0,0,0,0,0,1,0,1,0,0,0,0,0,0,0,0,0,0,0,0,0,0,0,0,0,0,0,0,0,0,0,0,0,0,0,0,0,0,0,0,0,0,0,0,0,0,0,0,0,0,0,0,0,0,0,0,0,0,0,0,0,0,0,0,0,0,0,0,0,0,0,0,0,0,0,0,0,0,0,0,0,0,0,0,0,0,0,0,1.4142135623730951,0,0,0,0,0,0,0,0,0,0,1.4142135623730951,0,1.7320508075688772,0,0,0,0,0,0,0,0,0,0,0,0,5.916079783099616,0,0,0,0,0,0,0,0,0,0,6.082762530298219,0,0,0,0,,"2007","West","Rincon","Tres Palmas 10m","Shallow","3","2007Tres Palmas 10m3","2007_Tres Palmas 10m","2007_Rincon","2007_West"
0,0,0,0,0,0,0,0,0,0,0,0,0,0,0,0,0,0,0,0,0,0,0,0,0,0,0,0,0,0,0,0,0,0,0,0,0,0,0,0,0,0,0,0,0,1.4142135623730951,0,0,0,0,0,0,0,0,0,0,0,0,0,0,0,0,1,0,0,0,0,0,0,0,0,0,0,0,0,0,0,2,0,0,0,0,0,0,0,0,0,0,0,0,0,0,0,0,0,0,0,0,0,0,0,0,0,0,0,0,0,0,0,0,0,0,0,1,1.4142135623730951,0,0,0,0,0,0,0,0,0,0,0,0,0,0,0,0,0,0,0,0,0,0,0,0,0,0,0,0,0,0,0,0,0,0,0,0,0,0,0,0,0,2,0,1,0,0,0,0,0,0,0,0,0,0,0,0,0,0,0,0,0,0,0,0,0,0,0,0,0,0,0,0,0,0,0,0,0,0,0,0,0,0,0,0,0,0,0,0,0,0,0,0,1.4142135623730951,0,0,0,0,0,0,0,0,0,0,1.4142135623730951,0,1.4142135623730951,0,0,0,0,0,0,0,0,0,0,5.830951894845301,0,0,0,0,0,0,0,0,0,0,6.855654600401044,0,0,0,0,,"2007","West","Rincon","Tres Palmas 10m","Shallow","4","2007Tres Palmas 10m4","2007_Tres Palmas 10m","2007_Rincon","2007_West"
0,0,0,0,0,0,0,0,0,0,2.23606797749979,0,0,0,0,1.4142135623730951,0,0,0,0,0,0,0,0,0,0,0,0,0,0,0,0,0,0,0,0,0,0,0,0,0,0,0,0,0,1,0,0,1.4142135623730951,0,0,0,0,0,0,0,0,0,0,0,0,0,1,0,0,0,0,0,0,0,0,0,0,0,0,0,0,1,0,0,0,0,0,0,0,0,0,0,0,0,0,0,0,0,0,0,0,0,0,0,0,0,0,0,0,0,0,0,0,0,0,0,0,1.7320508075688772,0,0,0,0,0,0,0,0,0,0,1,0,0,0,0,0,0,0,0,0,0,0,0,0,0,0,0,0,0,0,0,0,0,0,0,0,0,0,0,0,0,0,1,0,0,0,0,0,0,0,0,0,0,0,0,0,0,0,0,0,0,0,0,0,0,0,0,0,0,0,0,0,0,0,0,0,0,0,0,0,0,0,0,0,0,0,0,0,0,0,0,1,0,0,0,0,0,0,0,0,0,0,0,0,1.4142135623730951,0,0,0,0,0,0,0,0,0,0,0,0,6.082762530298219,0,0,0,0,0,0,0,0,0,0,3.605551275463989,0,0,0,0,,"2007","West","Rincon","Tres Palmas 10m","Shallow","5","2007Tres Palmas 10m5","2007_Tres Palmas 10m","2007_Rincon","2007_West"
0,0,0,0,0,0,0,0,1,1,1.4142135623730951,0,0,0,0,0,0,1.4142135623730951,0,0,0,0,0,0,0,0,1.7320508075688772,0,0,0,0,0,0,0,0,0,0,0,0,0,0,0,0,0,1.7320508075688772,0,0,0,0,0,0,0,3.4641016151377544,2.23606797749979,1,0,0,0,0,0,4.47213595499958,1,1,0,0,0,0,1.4142135623730951,0,0,0,0,0,0,0,0,0,1,0,0,0,0,0,0,0,0,0,0,0,0,0,0,7.416198487095663,0,0,0,0,0,0,0,0,1,4.58257569495584,0,0,0,0,0,0,0,0,0,0,3.4641016151377544,0,0,0,0,0,0,0,0,0,0,0,0,0,0,1,0,0,0,0,1,0,0,0,0,0,0,0,0,0,0,0,0,0,0,0,0,0,0,0,1,0,0,0,0,1,0,0,2.23606797749979,0,0,0,0,0,0,0,0,1,1,0,0,0,0,0,0,0,0,0,0,0,0,0,0,0,0,0,0,0,0,0,0,0,0,0,0,0,0,0,0,0,0,0,0,0,0,0,0,0,0,0,0,0,0,0,0,0,0,1.4142135623730951,0,0,0,0,0,0,0,0,0,1.7320508075688772,5.291502622129181,0,0,0,0,0,0,0,0,0,0,8.246211251235321,0,0,0,0,,"2007","West","Rincon","Tres Palmas 20m","Intermediate","1","2007Tres Palmas 20m1","2007_Tres Palmas 20m","2007_Rincon","2007_West"
0,0,0,0,0,0,0,0,1,1,0,0,0,0,0,1,0,0,0,0,0,0,0,0,0,0,0,0,0,0,0,0,0,0,1,0,0,0,0,0,0,0,0,0,0,0,0,0,1.4142135623730951,0,0,0,1.4142135623730951,0,0,0,0,0,0,0,5.477225575051661,8.12403840463596,1,0,0,0,0,0,0,0,0,0,0,0,0,0,0,1,0,0,0,0,0,0,0,0,0,0,0,0,0,0,0,0,0,0,0,0,0,0,0,0,0,0,0,0,0,0,0,0,0,0,0,1,0,0,0,0,0,0,0,0,0,0,0,0,0,0,0,0,0,0,0,1,0,0,0,0,0,0,0,0,0,0,0,0,0,0,0,0,0,0,0,0,0,0,0,0,0,0,0,0,0,0,0,0,0,0,0,0,0,1,0,0,0,0,0,0,0,0,0,0,0,0,0,0,0,0,0,0,0,0,0,0,0,0,0,0,0,0,0,0,0,0,0,0,0,2,0,0,0,0,0,0,0,0,0,0,1.4142135623730951,0,1.7320508075688772,0,0,0,0,0,0,0,0,0,1.7320508075688772,4,0,0,1,0,0,0,0,0,0,0,3.1622776601683795,0,0,0,0,,"2007","West","Rincon","Tres Palmas 20m","Intermediate","2","2007Tres Palmas 20m2","2007_Tres Palmas 20m","2007_Rincon","2007_West"
0,0,0,0,0,0,0,0,1.4142135623730951,0,0,0,0,0,0,1,0,0,0,0,0,0,0,1.4142135623730951,0,0,0,0,0,0,0,0,0,0,1,0,1,0,0,0,0,0,0,0,1.4142135623730951,0,0,0,0,0,0,0,3.4641016151377544,0,2.23606797749979,0,2,0,0,0,5.916079783099616,0,1,0,0,0,0,0,0,0,0,0,0,0,0,0,0,2.23606797749979,0,0,0,0,0,0,0,0,0,0,0,0,0,0,0,0,0,0,1,0,0,0,0,0,1,0,0,0,0,0,0,0,0,0,0,1.7320508075688772,0,0,0,0,0,0,0,0,1,0,0,0,0,0,0,0,0,0,0,0,0,0,0,0,0,0,0,0,0,0,0,0,0,0,0,0,0,0,0,0,0,0,0,1.4142135623730951,0,0,0,0,0,0,0,0,0,0,0,0,2.23606797749979,1.4142135623730951,0,0,0,0,0,0,0,0,0,0,0,0,0,0,0,0,0,0,0,0,0,0,0,0,0,0,0,0,0,0,0,0,0,1.7320508075688772,0,0,0,0,0,0,0,0,0,0,0,0,1.4142135623730951,0,2.449489742783178,0,0,0,0,0,0,0,0,0,2.23606797749979,5.0990195135927845,0,0,0,0,0,0,0,0,0,0,3.605551275463989,0,0,0,0,,"2007","West","Rincon","Tres Palmas 20m","Intermediate","3","2007Tres Palmas 20m3","2007_Tres Palmas 20m","2007_Rincon","2007_West"
0,0,0,0,0,0,0,1,1,0,0,0,0,0,1,2.23606797749979,0,0,0,0,0,0,0,0,0,0,0,0,0,0,0,0,0,0,1.4142135623730951,0,0,0,0,0,0,0,0,0,2,0,0,0,1.4142135623730951,0,0,0,5.830951894845301,0,0,0,4.123105625617661,0,0,0,5.291502622129181,0,1,0,0,0,0,0,0,0,0,0,0,0,0,0,0,1,0,0,0,0,0,0,0,0,0,0,0,0,0,0,0,0,0,0,0,0,0,0,0,0,1,0,0,0,0,0,0,0,0,0,0,1.7320508075688772,0,0,0,0,0,0,0,0,0,0,1.4142135623730951,0,0,0,0,0,0,0,0,0,0,0,0,0,0,0,0,0,0,0,0,0,0,0,0,0,0,0,0,0,0,0,0,0,0,0,0,0,0,0,0,0,0,0,0,0,1,1,0,0,0,0,0,0,0,0,0,1,0,0,0,0,0,0,0,0,0,0,0,0,0,0,0,0,0,0,0,0,0,0,0,1.7320508075688772,0,0,0,0,0,0,0,0,0,0,1.4142135623730951,0,1.4142135623730951,0,1.4142135623730951,0,0,0,0,0,0,0,0,0,2.23606797749979,6.164414002968976,0,0,0,0,0,0,0,1,0,0,1.4142135623730951,0,0,0,0,,"2007","West","Rincon","Tres Palmas 20m","Intermediate","4","2007Tres Palmas 20m4","2007_Tres Palmas 20m","2007_Rincon","2007_West"
0,0,0,0,0,0,0,0,0,1,0,0,0,0,1.4142135623730951,1.4142135623730951,0,0,0,0,0,0,0,0,0,0,2,0,0,0,0,0,0,0,1,0,0,0,0,0,0,0,0,0,1,0,0,0,1,0,0,1,6.855654600401044,0,2.449489742783178,0,8.366600265340756,0,0,0,2.449489742783178,5,1,0,0,0,0,1,0,0,0,0,0,0,0,0,0,1.4142135623730951,0,0,0,0,0,0,0,0,0,0,0,0,0,0,0,0,0,0,0,0,0,0,0,0,1,0,0,0,0,0,0,0,0,0,0,2.23606797749979,0,0,0,0,0,0,0,0,0,0,0,0,0,0,0,0,0,0,0,0,0,0,0,0,0,0,0,0,0,0,0,0,0,0,0,0,0,0,0,0,0,0,0,1,0,0,0,0,0,0,0,0,0,0,0,0,1,0,0,0,0,0,0,0,0,0,0,0,0,0,0,0,0,0,0,0,0,0,0,0,0,0,0,0,0,0,0,0,0,0,0,2,0,1,0,0,0,0,0,0,0,0,0,0,1,0,1,0,0,1,0,0,0,0,0,0,1,6.082762530298219,0,0,0,2,0,0,0,0,0,0,5.385164807134504,0,0,0,0,,"2007","West","Rincon","Tres Palmas 20m","Intermediate","5","2007Tres Palmas 20m5","2007_Tres Palmas 20m","2007_Rincon","2007_West"
0,0,0,0,0,0,0,0,0,0,0,0,0,0,0,0,0,0,0,0,0,0,0,0,0,0,0,0,0,0,0,0,0,0,0,0,0,0,0,0,0,0,0,0,0,0,0,0,0,0,0,0,0,0,0,0,0,0,0,0,0,0,0,0,0,0,0,0,0,0,0,0,0,0,0,0,0,0,0,0,0,0,0,0,0,0,0,0,0,0,0,0,0,0,0,0,0,0,0,0,0,0,1,0,0,0,0,0,0,0,0,1,0,0,1.4142135623730951,0,1,0,0,0,0,0,0,0,0,0,0,0,0,0,0,0,0,0,0,0,0,0,0,0,0,0,1,0,0,0,0,0,0,0,0,0,0,0,0,0,1,0,1.7320508075688772,0,0,0,0,0,0,0,0,0,0,0,0,0,0,0,0,2.6457513110645907,0,0,0,0,0,0,0,0,0,0,0,0,0,0,0,0,0,0,0,0,0,0,0,0,0,0,0,0,0,0,0,0,0,0,0,0,0,0,0,0,0,0,0,0,0,0,0,0,0,0,0,0,0,3.605551275463989,0,1,0,0,0,0,0,0,0,0,0,0,5.744562646538029,0,0,0,0,,"2007","West","Rincon","Tres Palmas 5m","Very Shallow","1","2007Tres Palmas 5m1","2007_Tres Palmas 5m","2007_Rincon","2007_West"
1.4142135623730951,0,0,0,0,0,0,0,0,1,0,0,0,0,0,0,0,0,0,0,0,0,0,0,0,0,0,0,0,0,0,0,0,0,0,0,0,0,0,0,0,0,0,0,0,0,0,0,0,0,0,0,0,0,0,0,0,0,0,0,0,0,0,0,0,0,0,0,0,0,0,0,0,1.4142135623730951,0,0,0,0,0,0,0,0,0,0,0,0,0,0,0,0,0,0,0,0,0,0,0,0,0,0,0,0,0,0,0,0,0,0,0,0,0,0,0,0,1.4142135623730951,0,0,0,0,0,0,0,0,0,0,0,0,0,0,0,0,0,0,0,0,0,0,0,0,0,0,0,0,0,0,0,0,0,0,0,0,0,0,0,0,0,0,0,2,0,0,0,0,0,0,0,0,0,0,0,0,0,0,0,0,2,0,0,0,0,0,0,0,0,0,0,0,0,0,0,0,0,0,0,0,0,0,0,0,0,0,0,0,0,0,0,0,0,0,0,0,0,0,0,0,0,0,0,0,0,0,0,0,0,0,0,0,0,0,3.4641016151377544,0,0,0,0,0,0,0,0,0,0,0,0,2.449489742783178,0,0,0,0,,"2007","West","Rincon","Tres Palmas 5m","Very Shallow","2","2007Tres Palmas 5m2","2007_Tres Palmas 5m","2007_Rincon","2007_West"
1.4142135623730951,0,0,0,0,0,0,0,1,1.4142135623730951,0,0,0,0,0,0,0,0,0,0,0,0,0,0,0,0,1,0,0,0,0,0,0,0,0,0,0,0,0,0,0,0,0,0,0,0,0,0,0,0,0,0,0,0,0,0,0,0,0,0,0,0,0,0,0,0,0,0,0,0,0,0,0,0,0,0,0,0,0,0,0,0,0,0,0,0,0,0,0,0,0,0,0,0,0,0,0,0,0,0,0,0,0,0,0,0,0,0,0,0,0,0,0,0,1.4142135623730951,0,1,0,0,0,0,0,0,0,0,0,0,0,0,0,0,0,0,0,0,0,0,0,0,0,0,0,0,0,0,0,0,0,0,0,0,0,0,0,0,0,0,0,1.7320508075688772,0,0,0,0,0,0,0,0,0,0,0,0,0,0,0,0,1.7320508075688772,0,0,0,0,0,0,0,0,0,0,0,0,0,0,0,0,0,0,0,0,0,0,0,0,0,0,0,0,0,0,0,0,0,0,0,0,0,0,0,0,0,0,0,0,0,0,0,1,0,0,0,0,0,3.872983346207417,0,0,0,0,0,0,0,0,0,0,0,0,3.605551275463989,0,0,0,0,,"2007","West","Rincon","Tres Palmas 5m","Very Shallow","3","2007Tres Palmas 5m3","2007_Tres Palmas 5m","2007_Rincon","2007_West"
0,0,0,0,0,0,0,0,1.4142135623730951,1.4142135623730951,0,0,0,0,0,0,0,0,0,0,0,0,0,0,0,0,0,0,0,0,0,0,0,0,0,0,0,0,0,0,0,0,0,0,0,0,0,0,0,0,0,0,0,0,0,0,0,0,0,0,0,0,0,0,0,0,0,0,0,0,0,0,0,1,0,0,0,0,0,0,0,0,0,0,0,0,0,0,0,0,0,0,0,0,0,0,0,0,0,0,0,0,0,1,0,0,0,0,0,0,0,0,0,0,1,0,1.4142135623730951,0,0,0,0,0,0,0,0,0,0,0,0,0,0,0,0,0,0,0,0,0,0,0,0,0,0,0,0,0,0,0,0,0,0,0,0,0,0,0,0,0,2.23606797749979,0,0,0,0,0,0,0,0,0,0,0,0,0,0,0,0,2.23606797749979,0,0,0,0,0,0,0,0,0,0,0,0,0,0,0,0,0,0,0,0,0,0,0,0,0,0,0,0,0,0,0,0,0,0,0,0,0,0,0,0,0,0,0,0,1.4142135623730951,1,0,1.4142135623730951,0,0,0,0,0,3.4641016151377544,0,0,0,0,0,0,0,0,0,0,0,0,4.242640687119285,0,0,0,0,,"2007","West","Rincon","Tres Palmas 5m","Very Shallow","4","2007Tres Palmas 5m4","2007_Tres Palmas 5m","2007_Rincon","2007_West"
0,0,0,0,0,0,0,0,0,0,0,0,0,0,0,0,0,0,0,0,0,0,0,0,0,0,0,0,0,0,0,0,0,0,0,0,0,0,0,0,0,0,0,0,0,0,0,0,0,0,0,0,0,0,0,0,0,0,0,0,0,0,0,0,0,0,0,0,0,0,0,0,0,1,0,0,0,0,0,0,0,0,0,0,0,0,0,0,0,0,0,0,0,0,0,0,0,0,0,0,0,0,0,0,0,0,0,0,0,0,0,1,0,0,1.7320508075688772,0,0,0,0,0,0,0,0,0,0,0,0,0,0,0,0,0,0,0,0,0,0,0,0,0,0,0,0,0,0,0,0,0,0,0,0,0,0,0,0,0,0,0,1,0,0,0,0,0,0,0,0,0,0,0,0,0,0,0,0,1,0,0,0,0,0,0,0,0,0,0,0,0,0,0,0,0,0,0,0,0,0,0,0,0,0,0,0,0,0,0,0,0,0,0,0,0,0,0,0,0,0,0,0,0,0,0,0,0,0,0,0,0,0,3.7416573867739413,0,0,0,0,0,0,0,0,0,0,0,0,2,0,0,0,0,,"2007","West","Rincon","Tres Palmas 5m","Very Shallow","5","2007Tres Palmas 5m5","2007_Tres Palmas 5m","2007_Rincon","2007_West"
0,0,0,0,0,0,0,0,0,0,1,0,0,0,0,1,0,0,0,0,0,0,0,0,0,0,0,0,0,0,0,0,0,0,0,0,0,0,0,0,0,0,0,0,0,1,0,0,1.4142135623730951,0,0,0,0,0,0,0,0,0,0,0,0,0,0,0,0,0,0,0,0,0,0,0,0,0,0,0,0,2.449489742783178,0,0,0,0,0,0,0,0,0,0,0,0,0,0,0,0,0,0,0,0,0,0,0,0,0,0,0,0,0,0,0,0,0,0,0,1,0,0,0,0,0,0,0,0,0,0,0,0,0,0,0,0,0,0,0,0,0,0,0,0,0,0,0,0,0,0,0,0,0,0,0,0,0,0,0,0,0,0,0,0,0,0,0,0,0,0,0,0,0,0,0,0,0,0,0,0,0,0,0,0,0,0,0,0,0,0,0,0,0,0,0,0,0,0,0,0,0,0,0,0,0,0,0,0,0,0,0,0,0,1.7320508075688772,0,0,0,0,0,0,0,0,0,0,0,0,0,0,0,0,0,0,0,0,0,0,0,5,0,0,0,0,0,0,0,0,0,0,5,0,0,0,0,,"2008","West","Rincon","Tres Palmas 10m","Shallow","1","2008Tres Palmas 10m1","2008_Tres Palmas 10m","2008_Rincon","2008_West"
0,0,0,0,0,0,0,0,0,0,0,0,0,0,0,1,0,0,0,0,0,0,0,0,0,0,0,0,0,0,0,0,0,0,0,0,0,0,0,0,0,0,0,0,0,1,0,0,1.4142135623730951,0,0,0,0,0,0,0,0,0,0,0,0,0,0,0,0,0,0,0,0,0,0,0,0,0,0,0,0,2.23606797749979,0,0,0,0,0,0,0,0,0,0,0,0,0,0,0,0,0,0,0,0,0,0,0,0,0,0,0,0,0,0,0,0,0,0,0,1.4142135623730951,1,0,0,0,0,0,0,0,0,0,1,0,0,0,0,0,0,0,0,0,0,0,0,0,0,0,0,0,0,0,0,0,0,0,0,0,0,0,0,0,0,0,0,0,0,0,0,0,0,0,0,0,0,0,0,0,0,0,0,0,0,0,0,0,0,0,0,0,0,0,0,0,0,0,0,0,0,0,0,0,0,0,0,0,0,0,0,0,0,0,0,1.4142135623730951,0,2,0,0,1,0,0,0,0,0,0,0,1,0,0,0,0,0,0,0,0,0,0,0,0,5.5677643628300215,0,0,0,0,0,0,0,0,0,0,3.872983346207417,0,0,0,0,,"2008","West","Rincon","Tres Palmas 10m","Shallow","2","2008Tres Palmas 10m2","2008_Tres Palmas 10m","2008_Rincon","2008_West"
0,0,0,0,0,0,0,0,0,0,0,0,0,0,0,0,0,0,0,0,0,0,0,0,0,0,0,0,0,0,0,0,0,0,1,0,0,0,0,0,0,0,0,0,0,1.4142135623730951,0,0,0,0,0,0,0,0,0,0,0,0,0,0,0,0,0,0,0,0,0,0,0,0,0,0,0,0,0,0,0,0,0,0,0,0,0,0,0,0,0,0,0,0,0,0,0,0,0,0,0,0,0,0,0,0,0,0,0,0,0,0,0,0,0,0,0,0,0,0,0,0,0,0,0,0,0,0,1,0,0,0,0,0,0,0,0,0,0,0,0,0,0,0,0,0,0,0,0,0,0,0,0,0,0,0,0,0,0,0,0,0,0,0,0,0,0,0,0,0,0,0,0,0,0,0,0,0,0,0,0,0,0,0,0,0,0,0,0,0,0,0,0,0,0,0,0,0,0,0,0,0,0,0,0,0,0,0,0,1,0,1,0,0,0,0,0,0,0,0,1,0,0,0,0,0,0,0,0,0,0,0,0,0,0,5.744562646538029,0,0,0,0,0,0,0,0,0,0,4.47213595499958,0,0,0,0,,"2008","West","Rincon","Tres Palmas 10m","Shallow","3","2008Tres Palmas 10m3","2008_Tres Palmas 10m","2008_Rincon","2008_West"
0,0,0,0,0,0,0,0,0,0,1,0,0,0,0,0,0,0,0,0,0,0,0,0,0,0,0,0,0,0,0,0,0,0,0,0,0,0,0,0,0,0,0,0,0,0,0,0,1.4142135623730951,0,0,0,0,0,0,0,0,0,0,0,0,0,0,0,0,0,0,0,0,0,0,0,0,0,0,0,0,1.4142135623730951,0,0,0,0,0,0,0,0,0,0,0,0,0,0,0,0,0,0,0,0,0,0,0,0,0,0,0,0,0,0,0,0,0,0,0,1,1,0,0,0,0,0,0,0,0,0,0,0,0,0,0,0,0,0,0,0,0,0,0,0,0,0,0,0,0,0,0,0,0,0,0,0,0,0,0,0,0,0,0,0,0,0,0,0,0,0,0,0,0,0,0,0,0,0,0,0,0,0,0,0,0,0,0,0,0,0,0,0,0,0,0,0,0,0,0,0,0,0,0,0,0,0,0,0,0,0,0,0,0,0,0,0,0,0,0,0,0,0,0,0,0,0,0,0,0,0,0,0,0,0,0,0,0,6.324555320336759,0,0,0,0,0,0,0,0,0,0,5,0,0,0,0,,"2008","West","Rincon","Tres Palmas 10m","Shallow","4","2008Tres Palmas 10m4","2008_Tres Palmas 10m","2008_Rincon","2008_West"
0,0,0,0,0,0,0,0,0,0,0,0,0,0,0,0,0,0,0,0,0,0,0,0,0,0,0,0,0,0,0,0,0,0,0,0,0,0,0,0,0,0,0,0,0,1.4142135623730951,0,0,0,0,0,0,0,0,0,0,0,0,0,0,0,0,0,0,0,0,0,0,0,0,0,0,0,0,0,0,0,2.449489742783178,0,0,0,0,0,0,0,0,0,0,0,0,0,0,0,0,0,0,0,0,0,0,0,0,0,0,0,0,0,0,0,0,0,0,0,1,0,0,0,0,0,0,0,0,0,0,0,0,0,0,0,0,0,0,0,0,0,0,0,0,0,0,0,0,0,0,0,0,0,0,0,0,0,0,0,0,0,0,0,0,0,0,0,0,0,0,0,0,0,0,0,0,0,0,0,0,0,0,0,0,0,0,0,0,0,0,0,0,0,0,0,0,0,0,0,0,0,0,0,0,0,0,0,0,0,0,0,0,0,1,0,0,0,0,0,0,0,0,1,0,0,0,0,0,0,0,0,0,0,0,0,0,0,5.830951894845301,0,0,0,1,0,0,0,0,0,0,5.196152422706632,0,0,0,0,,"2008","West","Rincon","Tres Palmas 10m","Shallow","5","2008Tres Palmas 10m5","2008_Tres Palmas 10m","2008_Rincon","2008_West"
0,0,0,0,0,0,0,0,1,0,0,0,0,0,0,1.4142135623730951,1,0,0,0,2.6457513110645907,0,0,1,0,0,0,0,0,0,0,0,0,0,1.4142135623730951,0,0,0,0,0,1,0,0,0,2,0,0,0,1,0,0,0,4,2,0,0,5,0,0,0,6.082762530298219,7.483314773547883,1,0,0,0,0,0,0,0,0,0,0,0,0,0,0,2.449489742783178,0,0,0,0,0,0,0,0,0,0,0,0,0,0,6.082762530298219,0,0,0,0,0,0,0,1,4.123105625617661,2,0,0,0,0,0,0,0,0,0,0,3.3166247903554,0,0,0,0,0,0,0,0,0,0,0,0,0,0,0,0,0,0,0,0,0,1,0,0,0,0,0,0,0,0,0,0,0,0,0,0,0,0,0,0,0,0,0,0,0,0,0,4,0,0,0,0,0,0,0,0,1,1.4142135623730951,0,0,0,0,0,0,0,0,0,0,0,0,0,0,0,0,0,0,0,0,0,0,1,0,1,0,0,0,0,0,0,0,0,0,0,0,0,0,0,0,0,0,0,0,1,0,1,0,0,0,0,0,0,0,0,0,0,0,1.4142135623730951,5,0,0,1,0,0,0,0,0,1,0,4.123105625617661,0,0,0,0,,"2008","West","Rincon","Tres Palmas 20m","Intermediate","1","2008Tres Palmas 20m1","2008_Tres Palmas 20m","2008_Rincon","2008_West"
0,0,0,0,0,0,0,0,0,1.4142135623730951,0,0,0,0,1,0,0,0,0,0,0,0,0,0,0,0,0,0,0,0,0,0,0,0,0,0,0,0,0,0,0,0,0,0,1,1,0,0,0,0,0,0,5.0990195135927845,0,2.6457513110645907,0,7.0710678118654755,0,0,0,4,5,0,0,0,0,0,0,0,0,0,0,0,0,0,0,0,2.23606797749979,0,0,0,0,0,0,0,0,0,0,0,0,0,0,0,0,0,0,0,0,0,0,0,0,1.7320508075688772,0,0,0,0,0,0,0,0,0,0,4.358898943540674,0,0,0,0,0,0,0,0,0,0,0,0,0,0,0,0,0,0,0,1,0,0,0,0,0,0,0,1,0,0,0,0,0,0,0,0,0,0,0,0,0,0,0,0,0,0,0,0,0,0,0,0,0,0,0,0,1,1.4142135623730951,0,0,0,0,0,0,0,0,0,0,0,0,0,0,0,0,0,0,0,0,0,0,0,0,0,0,0,0,0,0,0,0,0,2.23606797749979,0,1,0,0,0,0,0,0,0,0,1,0,2.23606797749979,0,1.7320508075688772,0,0,1.4142135623730951,0,0,0,0,0,0,1.7320508075688772,5.744562646538029,0,0,0,0,0,0,0,0,0,0,5,0,0,0,0,,"2008","West","Rincon","Tres Palmas 20m","Intermediate","2","2008Tres Palmas 20m2","2008_Tres Palmas 20m","2008_Rincon","2008_West"
0,0,0,0,0,0,0,0,1,0,1,0,0,0,0,1,0,0,0,0,0,0,0,0,0,0,0,0,0,0,0,0,0,0,1,0,0,0,0,0,0,0,0,0,1.4142135623730951,0,0,0,2,0,0,0,5.477225575051661,0,1.7320508075688772,0,3.872983346207417,0,0,0,6.928203230275509,5.477225575051661,0,0,0,0,0,0,0,0,0,0,0,0,0,0,0,3,0,0,0,0,0,0,0,0,0,0,0,0,0,0,0,0,0,0,0,0,0,0,0,0,3.4641016151377544,0,0,0,0,0,0,0,0,0,0,1,1,0,0,0,0,0,0,0,0,0,0,0,0,0,1,0,0,0,1,0,0,0,0,0,0,0,0,0,0,0,0,0,0,0,0,0,0,0,0,0,0,0,0,0,0,0,0,0,0,0,0,0,0,0,0,0,2.23606797749979,1.7320508075688772,1,0,0,0,0,0,0,0,0,0,0,0,0,0,0,0,0,0,0,0,0,0,0,0,0,0,0,0,0,0,0,0,0,1,0,1.7320508075688772,0,0,0,0,0,0,0,0,0,0,1,0,2.449489742783178,0,0,0,0,0,0,0,0,0,1.7320508075688772,5.5677643628300215,0,0,0,0,0,0,0,0,0,0,5.656854249492381,0,0,0,0,,"2008","West","Rincon","Tres Palmas 20m","Intermediate","3","2008Tres Palmas 20m3","2008_Tres Palmas 20m","2008_Rincon","2008_West"
0,0,0,0,0,0,0,0,0,0,0,0,0,0,0,0,0,0,0,0,0,0,0,0,0,0,0,0,0,0,0,0,0,0,1.7320508075688772,0,0,0,0,0,0,0,0,0,1,0,0,0,0,0,0,0,7.280109889280518,0,2.449489742783178,0,7.416198487095663,0,0,0,4.358898943540674,8.660254037844387,0,0,0,0,0,0,0,0,0,0,0,0,0,0,0,2.8284271247461903,0,0,0,0,0,0,0,0,0,0,0,0,0,0,0,0,0,0,0,0,0,0,0,0,0,0,0,0,0,0,0,0,0,0,0,2.23606797749979,0,0,0,0,0,0,0,0,0,0,1,0,0,0,0,0,0,0,0,0,0,0,0,0,0,0,0,0,0,0,0,0,0,0,0,0,0,0,0,0,0,0,0,0,0,0,0,0,0,0,0,0,0,0,0,0,0,1,0,0,0,0,0,0,0,0,0,0,0,0,0,0,0,0,0,0,0,0,0,0,0,0,0,0,0,0,0,0,0,0,0,2.6457513110645907,0,0,0,0,0,0,0,0,0,0,0,0,0,0,0,0,0,0,0,0,0,0,0,0,2.23606797749979,7.211102550927978,0,0,0,0,0,0,0,0,0,0,7.0710678118654755,0,0,0,0,,"2008","West","Rincon","Tres Palmas 20m","Intermediate","4","2008Tres Palmas 20m4","2008_Tres Palmas 20m","2008_Rincon","2008_West"
0,0,0,0,0,0,0,0,0,0,0,0,0,0,0,0,0,0,0,0,0,0,0,0,0,0,0,0,0,0,0,0,0,0,0,0,0,0,0,0,0,0,0,0,1,0,0,0,2,0,0,0,3.872983346207417,0,0,0,2.23606797749979,0,0,0,3,0,0,0,0,0,0,0,0,0,0,0,0,0,0,0,0,1.7320508075688772,0,0,0,0,0,0,0,0,0,0,0,0,0,0,0,0,0,0,0,0,0,0,0,0,0,0,0,0,0,0,0,0,0,0,0,1.4142135623730951,0,0,0,0,0,0,0,0,0,0,0,0,0,0,0,0,0,0,0,0,0,0,0,0,0,0,0,0,0,0,0,0,0,0,0,0,0,0,0,0,0,0,0,0,0,0,0,0,0,0,0,0,0,0,0,0,1,0,0,0,0,0,0,0,0,0,0,0,0,0,0,0,0,0,0,0,0,0,0,0,0,0,0,0,0,0,0,0,0,0,0,1.4142135623730951,0,1.4142135623730951,0,0,0,0,0,0,0,0,0,0,0,0,0,0,0,0,0,0,0,0,0,0,1.4142135623730951,0,0,0,0,0,0,0,0,0,0,0,2,0,0,0,0,,"2008","West","Rincon","Tres Palmas 20m","Intermediate","5","2008Tres Palmas 20m5","2008_Tres Palmas 20m","2008_Rincon","2008_West"
0,0,0,0,0,0,0,0,0,5,0,0,0,0,0,0,0,0,0,0,0,0,0,0,0,0,0,0,0,0,0,0,0,0,0,0,0,0,0,0,0,0,0,0,0,0,0,0,0,0,0,0,0,0,0,0,0,0,0,0,0,0,0,0,0,0,0,0,0,0,0,0,0,0,0,0,0,0,0,0,0,0,0,0,0,0,0,0,0,0,0,0,0,0,0,0,0,0,0,0,0,1,1.4142135623730951,0,0,0,0,0,3.1622776601683795,0,0,1.7320508075688772,0,0,1.4142135623730951,0,0,0,0,0,0,0,0,0,1,0,0,0,0,0,0,0,0,0,0,0,0,1,0,0,0,0,0,0,0,0,0,0,0,0,0,0,0,0,1,0,1,0,2.8284271247461903,0,0,0,0,0,0,0,0,0,0,0,0,0,0,0,0,2.6457513110645907,0,0,0,0,0,0,0,0,0,0,0,0,0,0,0,0,0,0,0,0,0,0,0,0,0,0,0,0,0,0,0,0,0,0,0,0,0,0,0,0,0,0,0,0,0,0,0,0,0,0,0,0,2.8284271247461903,0,0,0,0,0,0,0,0,0,0,0,0,0,2.449489742783178,0,0,0,0,,"2008","West","Rincon","Tres Palmas 5m","Very Shallow","1","2008Tres Palmas 5m1","2008_Tres Palmas 5m","2008_Rincon","2008_West"
0,0,0,0,0,0,0,0,0,1.4142135623730951,0,0,0,0,0,0,0,0,0,0,0,0,0,0,0,0,1,0,0,0,0,0,0,0,0,0,0,0,0,0,0,0,0,0,0,0,0,0,0,0,0,0,0,0,0,0,0,0,0,0,0,0,0,0,0,0,0,0,0,0,0,0,0,0,0,0,0,0,0,0,0,0,0,0,0,0,0,0,0,0,0,0,0,0,0,0,0,0,0,0,0,0,0,0,0,0,0,0,0,0,0,1,0,0,2.23606797749979,0,0,0,0,0,0,0,0,0,0,0,0,0,0,0,0,0,0,0,0,0,0,0,0,0,0,0,0,0,0,0,0,0,0,0,0,0,0,0,0,0,0,0,2,0,0,0,0,0,0,0,0,0,0,0,0,0,0,0,0,2.6457513110645907,0,0,0,0,0,0,0,0,0,0,0,0,0,0,0,0,0,0,0,0,0,0,0,0,0,0,0,0,0,0,0,0,0,0,0,0,0,0,0,0,0,0,0,0,0,0,0,1,0,0,0,0,3.3166247903554,0,0,0,0,0,0,0,0,0,0,0,0,0,2.449489742783178,0,0,0,0,,"2008","West","Rincon","Tres Palmas 5m","Very Shallow","2","2008Tres Palmas 5m2","2008_Tres Palmas 5m","2008_Rincon","2008_West"
1,0,0,0,0,0,0,0,0,10,0,0,0,0,0,0,0,0,0,0,0,0,0,0,0,0,0,0,0,0,0,0,0,0,0,0,0,0,0,0,0,0,0,0,0,0,0,0,0,0,0,0,0,0,0,0,0,0,0,0,0,0,0,0,0,0,0,0,0,0,0,0,0,1,0,0,0,0,0,0,0,0,0,0,0,0,0,1,0,0,0,0,0,1,0,0,0,0,0,0,0,0,0,0,0,0,0,0,0,0,0,0,0,0,1,0,1,0,0,0,0,0,0,0,0,0,0,0,0,0,0,0,0,0,0,0,0,0,0,0,0,0,0,0,0,0,0,0,0,0,0,0,0,0,0,0,0,0,2.23606797749979,0,0,0,0,0,0,0,0,0,0,0,0,0,0,0,0,3.605551275463989,0,0,0,0,0,0,0,0,0,0,1,0,0,0,0,0,0,0,0,0,0,0,0,0,0,0,0,0,0,0,0,0,0,0,0,0,0,0,0,0,0,0,0,0,0,0,0,1,0,0,0,0,3.872983346207417,0,0,0,0,0,0,0,0,0,0,0,0,0,3.605551275463989,0,0,0,0,,"2008","West","Rincon","Tres Palmas 5m","Very Shallow","3","2008Tres Palmas 5m3","2008_Tres Palmas 5m","2008_Rincon","2008_West"
2.23606797749979,0,0,0,0,0,0,0,0,1.7320508075688772,0,0,0,0,0,0,0,0,0,0,0,0,0,0,0,0,0,0,0,0,0,0,0,0,0,0,0,0,0,0,0,0,0,0,0,0,0,0,0,0,0,0,0,0,0,0,0,0,0,0,0,0,0,0,0,0,0,0,0,0,0,0,0,0,0,0,0,0,0,0,0,0,0,0,0,0,0,0,0,0,0,0,0,0,0,0,0,0,0,0,0,0,0,0,0,0,0,0,0,0,0,1.4142135623730951,0,0,0,0,0,0,0,0,0,0,0,0,1,0,0,0,0,0,0,0,0,0,0,0,0,0,0,0,0,0,0,0,0,0,0,0,0,0,0,0,0,0,0,0,0,0,3.4641016151377544,0,0,0,0,0,0,0,0,0,0,0,0,0,0,0,0,3,0,0,0,0,0,0,0,0,0,0,2.23606797749979,0,0,0,0,0,0,0,0,0,0,0,0,0,0,0,0,0,0,0,0,0,0,0,0,0,0,0,0,0,0,0,0,0,0,1,0,0,0,0,0,0,3,0,0,0,0,0,0,0,0,0,0,0,0,0,3.605551275463989,0,0,0,0,,"2008","West","Rincon","Tres Palmas 5m","Very Shallow","4","2008Tres Palmas 5m4","2008_Tres Palmas 5m","2008_Rincon","2008_West"
0,0,0,0,0,0,0,0,1,1.4142135623730951,0,0,0,0,0,0,0,0,0,0,0,0,0,0,0,0,1,0,0,0,0,0,0,0,0,0,0,0,0,0,0,0,0,0,0,0,0,0,1,0,0,0,0,0,0,0,0,0,0,0,0,0,0,0,0,0,0,0,0,0,0,0,0,0,0,0,0,0,0,0,0,0,0,0,0,0,0,0,0,0,0,0,0,0,0,0,0,0,0,0,0,2.23606797749979,0,0,0,0,0,0,0,0,0,1.4142135623730951,0,0,1,0,0,0,0,0,0,0,0,0,0,0,0,0,0,0,0,0,0,0,0,0,0,0,0,0,0,0,0,0,0,0,0,0,0,0,0,0,0,0,0,0,0,0,2.23606797749979,0,0,0,0,0,0,0,0,0,0,0,0,0,0,0,0,2,0,0,0,0,0,0,0,0,0,0,0,0,0,0,0,0,0,0,0,0,0,0,0,0,0,0,0,0,0,0,0,0,0,0,0,0,0,0,0,0,0,0,0,0,0,0,0,0,0,0,0,0,3.4641016151377544,0,0,0,0,0,0,0,0,0,0,0,0,0,2.23606797749979,0,0,0,0,,"2008","West","Rincon","Tres Palmas 5m","Very Shallow","5","2008Tres Palmas 5m5","2008_Tres Palmas 5m","2008_Rincon","2008_West"
0,0,0,0,0,0,0,0,1.7320508075688772,0,0,0,0,0,0,0,0,0,0,0,0,0,0,0,0,0,0,0,0,0,0,0,0,0,0,0,0,0,0,0,0,0,0,0,0,2,0,0,0,0,0,1,5.196152422706632,0,0,0,0,0,0,0,0,0,1,0,0,0,0,0,0,0,0,0,0,0,0,0,0,3,0,0,0,0,0,0,0,0,0,0,0,0,0,0,0,0,0,0,0,0,0,0,0,0,0,0,0,0,0,0,0,0,0,0,0,1,3.605551275463989,0,0,0,0,0,0,0,0,0,0,0,0,0,0,0,0,0,0,1,0,0,0,0,0,0,0,0,0,0,0,0,0,0,0,0,0,0,0,0,0,0,0,0,0,0,0,0,0,0,0,0,0,0,0,0,0,0,0,0,0,0,0,0,0,0,0,0,0,0,0,0,0,0,0,0,0,0,0,0,0,0,0,0,0,0,0,0,0,0,0,1,0,2.8284271247461903,0,0,0,0,0,0,0,0,1.4142135623730951,0,2.449489742783178,0,0,0,0,0,0,0,0,0,0,0,0,5.385164807134504,0,0,0,0,0,0,0,0,0,0,6.708203932499369,0,0,0,0,,"2009","West","Rincon","Tres Palmas 10m","Shallow","1","2009Tres Palmas 10m1","2009_Tres Palmas 10m","2009_Rincon","2009_West"
0,0,0,0,0,0,0,0,1.4142135623730951,0,0,0,0,0,0,0,0,0,0,0,0,0,0,0,0,0,0,0,0,0,0,0,0,0,1,0,0,0,0,0,0,0,0,0,0,1,0,0,1,0,0,0,0,0,0,0,0,0,0,0,0,0,0,0,0,0,0,0,0,0,0,0,0,0,0,0,0,2.6457513110645907,0,0,0,0,0,0,0,0,0,0,0,0,0,0,0,0,0,1,0,0,0,0,0,0,0,0,0,0,0,0,0,0,0,0,0,0,1,0,0,0,0,0,0,0,0,0,0,0,0,0,0,0,0,0,0,0,0,0,0,0,0,0,0,0,0,0,0,0,0,0,0,0,0,0,0,0,0,0,0,0,0,0,0,0,0,0,0,0,0,0,0,0,0,0,0,0,0,0,0,0,0,0,0,0,0,0,0,0,0,0,0,0,0,0,0,0,0,0,0,0,0,0,0,0,0,0,0,0,0,0,0,0,0,0,0,0,0,0,1,0,1.7320508075688772,0,0,0,0,0,0,0,0,0,0,0,0,5,0,0,0,0,0,0,0,0,0,0,1,0,0,0,0,,"2009","West","Rincon","Tres Palmas 10m","Shallow","2","2009Tres Palmas 10m2","2009_Tres Palmas 10m","2009_Rincon","2009_West"
0,0,0,0,0,0,0,0,1.4142135623730951,0,0,0,0,0,0,0,0,0,0,0,0,0,0,0,0,0,0,0,0,0,0,0,0,0,0,0,0,0,0,0,0,0,0,0,0,2.6457513110645907,0,0,0,0,0,0,1.4142135623730951,0,0,0,0,0,0,0,0,0,0,0,0,0,0,0,0,0,0,0,0,0,0,0,0,3.3166247903554,0,0,0,0,0,0,0,0,0,0,0,0,0,0,0,0,0,0,0,0,0,0,0,0,0,0,0,0,0,0,0,0,0,0,0,0,1.4142135623730951,0,0,0,0,0,0,0,0,0,0,0,0,0,0,0,0,0,0,0,0,0,0,0,0,0,0,0,0,0,0,0,0,0,0,0,0,0,0,0,0,0,0,0,0,0,0,0,0,0,0,0,0,0,0,0,0,0,0,0,0,0,0,0,0,0,0,0,0,0,0,0,0,0,0,0,0,1,0,0,0,0,0,0,0,0,0,0,0,0,0,1,0,0,0,0,0,0,0,0,0,0,1,0,1,0,0,0,0,0,0,0,0,0,0,0,0,4.898979485566356,0,0,0,0,0,0,0,0,0,0,3.3166247903554,0,0,0,0,,"2009","West","Rincon","Tres Palmas 10m","Shallow","3","2009Tres Palmas 10m3","2009_Tres Palmas 10m","2009_Rincon","2009_West"
0,0,0,0,0,0,0,0,1.4142135623730951,1,0,0,0,0,0,0,0,0,0,0,0,0,0,0,0,0,0,0,0,0,0,0,0,0,0,0,0,0,0,0,0,0,0,0,0,1,0,0,1,0,0,0,0,0,0,0,0,0,0,0,0,0,0,0,0,0,0,0,0,0,0,0,0,0,0,0,0,1.7320508075688772,0,0,0,0,0,1,0,0,0,0,0,0,0,0,0,0,0,0,0,0,0,0,0,0,0,0,0,0,0,0,0,0,0,0,0,2.23606797749979,1.7320508075688772,0,0,0,0,0,0,0,0,0,0,0,0,0,0,0,0,0,0,0,0,0,0,0,0,0,0,0,0,0,0,0,0,0,0,0,0,0,0,0,0,0,0,0,0,0,0,0,0,0,0,0,0,0,0,0,0,0,0,0,0,0,0,0,0,0,0,0,0,0,0,0,0,0,0,0,0,0,0,0,0,0,0,0,0,0,0,0,0,0,0,0,0,1,0,0,0,0,0,0,0,0,1.4142135623730951,0,1.4142135623730951,0,0,0,0,0,0,0,0,0,0,0,0,5.744562646538029,0,0,0,0,0,0,0,0,0,0,5,0,0,0,0,,"2009","West","Rincon","Tres Palmas 10m","Shallow","4","2009Tres Palmas 10m4","2009_Tres Palmas 10m","2009_Rincon","2009_West"
0,0,0,0,0,0,0,0,1,0,0,0,0,0,0,0,0,0,0,0,0,0,0,0,0,0,0,0,0,0,0,0,0,0,1,0,0,0,0,0,0,0,0,0,0,2.449489742783178,0,0,1.4142135623730951,0,0,0,1.7320508075688772,0,0,0,0,0,0,0,0,0,0,0,0,0,0,0,0,0,0,0,0,0,0,0,0,2.449489742783178,0,0,0,0,0,0,0,0,0,0,0,0,0,0,0,0,0,0,0,0,0,0,0,0,0,0,0,0,0,0,0,0,0,0,0,1.4142135623730951,0,0,0,0,0,0,0,0,0,0,0,0,0,0,0,0,0,0,0,0,0,0,0,0,0,0,0,0,0,0,0,0,0,0,0,0,0,0,0,0,0,0,0,0,1,0,0,0,0,0,0,0,0,0,0,0,0,0,0,0,0,0,0,0,0,0,0,0,0,0,0,0,0,0,0,0,0,0,0,0,0,0,0,0,0,0,0,0,0,0,0,0,0,0,0,0,0,0,0,0,0,0,0,0,0,0,0,0,0,0,0,0,0,0,0,0,0,4.69041575982343,0,0,0,0,0,0,0,0,0,0,0,0,0,0,0,,"2009","West","Rincon","Tres Palmas 10m","Shallow","5","2009Tres Palmas 10m5","2009_Tres Palmas 10m","2009_Rincon","2009_West"
0,0,0,0,0,0,0,0,0,0,1,0,0,0,0,1.4142135623730951,0,0,0,0,0,0,0,0,0,0,0,0,0,0,0,0,0,0,1.7320508075688772,0,0,0,0,0,0,0,0,0,2,0,0,0,1.4142135623730951,0,0,0,6.4031242374328485,1,0,0,0,0,0,0,6.708203932499369,7.211102550927978,0,0,0,0,0,0,0,0,0,0,0,0,0,0,0,2.8284271247461903,0,0,0,0,0,0,0,0,0,0,0,0,0,0,0,0,0,0,0,0,0,0,0,0,1.4142135623730951,0,0,0,0,0,0,0,0,0,0,1.4142135623730951,0,0,0,0,0,0,0,0,0,0,1,0,0,0,1,0,0,0,0,0,0,0,0,0,0,0,0,0,0,0,0,0,0,0,0,0,0,0,0,0,0,0,0,0,0,0,0,0,0,0,0,0,0,0,0,0,1,1.4142135623730951,0,0,0,0,0,0,0,0,0,0,0,0,0,0,0,0,0,0,0,0,0,0,0,0,0,0,0,0,0,0,0,0,0,0,0,1,0,0,0,0,0,0,0,0,0,0,0,0,0,0,0,0,0,0,0,0,0,0,1.7320508075688772,4.58257569495584,0,0,1,0,0,0,0,0,0,0,3.605551275463989,0,0,0,0,,"2009","West","Rincon","Tres Palmas 20m","Intermediate","1","2009Tres Palmas 20m1","2009_Tres Palmas 20m","2009_Rincon","2009_West"
0,0,0,0,0,0,0,0,2.449489742783178,0,1,0,0,0,0,0,0,0,0,0,0,0,0,0,0,0,0,0,0,0,0,0,0,0,2.23606797749979,0,0,0,0,0,0,0,0,0,0,1,0,0,1.4142135623730951,0,0,1.4142135623730951,6.782329983125268,0,1.4142135623730951,0,7.416198487095663,0,0,0,7.54983443527075,6.708203932499369,0,0,0,0,0,0,0,0,0,0,0,0,0,0,0,3.4641016151377544,0,0,0,0,0,0,0,0,0,0,0,0,0,0,0,0,0,0,0,0,0,0,1,0,1,0,0,0,0,0,0,0,0,0,0,2,0,0,0,0,0,0,0,0,0,0,0,0,0,0,1.4142135623730951,0,0,0,0,0,0,0,0,0,0,0,0,0,0,0,0,0,0,0,0,0,0,0,0,0,0,0,0,1,0,0,0,0,0,0,0,0,0,0,0,0,1,0,0,0,0,0,0,0,0,0,0,0,0,0,0,0,0,0,0,0,1,0,0,0,0,0,0,0,0,0,0,0,0,0,0,0,0,1.4142135623730951,0,0,0,0,0,0,0,0,1,0,2.449489742783178,0,0,0,0,0,0,0,0,0,0,0,1.7320508075688772,3.872983346207417,0,0,0,0,0,0,0,0,0,0,5,0,0,0,0,,"2009","West","Rincon","Tres Palmas 20m","Intermediate","2","2009Tres Palmas 20m2","2009_Tres Palmas 20m","2009_Rincon","2009_West"
0,0,0,0,0,0,0,0,1,1.4142135623730951,0,0,0,0,1,1,0,0,0,0,0,0,0,0,0,0,1,0,0,0,0,0,0,0,1.7320508075688772,0,0,0,0,0,0,0,0,0,1.4142135623730951,0,0,0,1.4142135623730951,0,0,0,9.38083151964686,0,3.7416573867739413,0,0,0,0,0,7,10.535653752852738,0,0,0,0,0,0,0,0,0,0,0,0,0,0,0,3.1622776601683795,0,0,0,0,0,0,0,1.4142135623730951,0,0,0,0,0,0,0,0,0,1,0,0,0,0,0,0,1,0,0,0,0,0,0,0,0,0,0,1.4142135623730951,1.4142135623730951,0,0,0,0,0,0,0,0,0,1,0,0,0,0,0,0,0,0,0,0,0,0,0,0,0,0,0,0,0,0,0,0,0,0,0,0,0,0,0,0,0,0,0,0,0,0,0,0,0,0,0,0,0,0,0,2.6457513110645907,1.7320508075688772,1,0,0,0,0,0,0,0,0,0,0,0,0,0,0,0,0,0,0,0,0,0,0,0,0,0,0,0,0,0,0,0,0,0,0,1.7320508075688772,0,0,0,0,0,0,0,0,0,0,1,0,0,0,0,0,0,0,0,0,0,0,2.449489742783178,5.5677643628300215,0,0,0,0,0,0,0,0,1,0,5.916079783099616,0,0,0,0,,"2009","West","Rincon","Tres Palmas 20m","Intermediate","3","2009Tres Palmas 20m3","2009_Tres Palmas 20m","2009_Rincon","2009_West"
0,0,0,0,0,0,0,0,0,0,1.4142135623730951,0,0,0,1,0,0,0,0,0,0,0,0,0,0,0,0,0,0,0,0,0,0,0,1.4142135623730951,0,0,0,0,0,0,0,0,0,0,1.4142135623730951,0,0,1.4142135623730951,0,0,0,4.242640687119285,0,2.23606797749979,0,0,0,0,0,7.615773105863909,10.723805294763608,0,0,1,0,0,0,0,0,0,0,0,0,0,0,0,3.4641016151377544,0,0,0,0,0,0,0,0,0,0,0,0,0,0,0,0,0,0,0,0,0,0,0,0,0,0,0,0,0,0,0,0,0,0,0,0,1,0,0,0,0,0,0,0,0,0,0,0,0,0,1,0,0,0,0,0,0,0,0,0,0,0,0,0,0,0,0,0,0,0,0,0,0,0,0,0,0,0,0,0,0,0,0,0,0,0,0,0,0,0,0,0,1.4142135623730951,1,0,0,0,0,0,0,0,0,0,0,0,0,0,0,0,0,0,0,0,0,0,0,0,0,0,0,0,0,0,0,0,0,0,2.23606797749979,0,0,0,0,0,0,0,0,0,0,0,0,5.744562646538029,0,0,0,0,0,0,0,0,0,0,0,1.4142135623730951,6.164414002968976,0,0,0,0,0,0,0,0,0,0,2.6457513110645907,0,0,0,0,,"2009","West","Rincon","Tres Palmas 20m","Intermediate","4","2009Tres Palmas 20m4","2009_Tres Palmas 20m","2009_Rincon","2009_West"
0,0,0,0,0,0,0,0,0,1,1,0,0,0,0,0,0,0,0,0,0,0,0,0,0,0,1.4142135623730951,0,0,0,0,0,0,0,1.4142135623730951,0,0,0,0,0,0,0,0,0,0,1,0,0,1,0,0,0,1.4142135623730951,1.7320508075688772,1.4142135623730951,0,0,0,0,0,6,5.0990195135927845,0,0,1,0,0,0,0,0,0,0,0,0,0,0,0,2.449489742783178,0,0,0,0,0,0,0,0,0,0,0,0,0,0,0,0,0,0,0,0,0,0,0,0,0,0,0,0,0,0,0,0,0,0,0,1,0,0,0,0,0,0,0,0,0,0,0,0,0,0,0,0,0,0,1,0,0,0,0,0,0,0,0,0,0,0,0,0,0,0,0,0,0,0,0,0,0,0,0,0,0,0,0,0,0,0,0,0,0,0,0,0,1,0,0,0,0,0,0,0,0,0,0,0,0,0,0,0,0,0,0,0,0,0,0,0,0,0,0,0,0,0,0,0,0,0,0,0,0,0,0,0,0,0,0,0,0,0,0,0,2,0,0,0,0,0,0,0,0,0,0,0,2,6.782329983125268,0,0,0,0,0,0,0,0,0,0,2.449489742783178,0,0,0,0,,"2009","West","Rincon","Tres Palmas 20m","Intermediate","5","2009Tres Palmas 20m5","2009_Tres Palmas 20m","2009_Rincon","2009_West"
0,0,0,0,0,0,0,0,0,7.54983443527075,0,0,0,0,0,0,0,0,0,0,0,0,0,0,0,0,1,0,0,0,0,0,0,0,0,0,0,0,0,0,0,0,0,0,0,0,0,0,0,0,0,0,0,0,0,0,0,0,0,0,0,0,0,0,0,0,0,0,0,0,0,0,0,0,0,0,0,0,0,0,0,0,0,0,0,0,0,0,0,0,0,0,0,0,0,0,0,0,0,0,0,1.7320508075688772,1.7320508075688772,1,0,0,0,0,0,0,0,0,0,0,1.4142135623730951,0,0,0,0,0,0,0,0,0,0,0,0,0,0,0,0,0,0,0,0,0,0,0,0,0,0,0,0,0,0,0,0,0,0,0,0,0,0,0,0,0,0,0,3.1622776601683795,0,0,2,0,0,0,0,0,0,0,0,0,0,0,0,0,4,0,0,0,0,0,0,0,0,0,0,0,0,0,0,0,0,0,0,0,0,0,0,0,0,0,0,0,0,0,0,0,0,0,0,0,0,0,0,0,0,0,0,0,0,0,1,0,0,0,0,0,0,3.1622776601683795,0,0,0,0,0,0,0,0,0,0,0,0,0,2.8284271247461903,0,0,0,0,,"2009","West","Rincon","Tres Palmas 5m","Very Shallow","1","2009Tres Palmas 5m1","2009_Tres Palmas 5m","2009_Rincon","2009_West"
0,0,0,0,0,0,0,0,0,7.416198487095663,0,0,0,0,0,0,0,0,0,0,0,0,0,0,0,0,0,0,0,0,0,0,0,0,0,0,0,0,0,0,0,0,0,0,0,0,0,0,0,0,0,0,0,0,0,0,0,0,0,0,0,0,0,0,0,0,0,0,0,0,0,0,0,1.7320508075688772,0,0,0,1,0,0,0,0,0,0,0,0,0,0,0,0,0,0,0,0,0,0,0,0,0,0,0,0,1,0,0,0,0,0,0,0,0,0,0,0,1.4142135623730951,0,0,0,0,0,0,0,0,0,0,0,0,0,0,0,0,0,0,0,0,0,0,0,0,0,0,0,0,0,0,0,0,0,0,0,0,0,0,0,0,0,0,0,2.8284271247461903,0,0,0,0,0,0,0,0,0,0,0,0,0,0,0,0,3,0,0,0,0,0,0,0,0,0,0,1.4142135623730951,0,0,0,0,0,0,0,0,0,0,0,0,0,0,0,0,0,0,0,0,0,0,0,0,0,0,0,0,0,0,0,0,0,0,1,0,0,0,0,0,0,3.4641016151377544,0,0,0,0,0,0,0,0,0,0,0,0,0,2.449489742783178,0,0,0,0,,"2009","West","Rincon","Tres Palmas 5m","Very Shallow","2","2009Tres Palmas 5m2","2009_Tres Palmas 5m","2009_Rincon","2009_West"
0,0,0,0,0,0,0,0,0,7.615773105863909,0,0,0,0,0,0,0,0,0,0,0,0,0,1,0,0,0,0,0,0,0,0,0,0,0,0,0,0,0,0,0,0,0,0,0,0,0,0,0,0,0,0,0,0,0,0,0,0,0,0,0,0,0,0,0,0,0,0,0,0,0,0,0,1,0,0,0,0,0,0,0,0,0,0,0,0,0,0,0,0,0,0,0,0,0,0,0,0,0,0,0,0,0,0,0,0,0,0,0,0,0,0,0,0,1.4142135623730951,0,0,0,0,0,0,0,0,0,0,0,0,0,0,0,0,0,0,0,0,0,0,0,2.6457513110645907,0,0,0,0,0,0,0,0,0,0,0,0,0,0,0,0,0,0,0,2.6457513110645907,0,0,0,0,0,0,0,0,0,0,0,0,1,0,0,0,4.898979485566356,0,0,0,0,0,0,0,0,0,0,0,0,0,0,0,0,0,0,0,0,0,0,0,0,0,0,0,0,0,0,0,0,0,0,0,0,0,0,0,0,1,0,0,0,0,1.7320508075688772,0,1,0,0,0,0,3.872983346207417,0,0,0,0,0,0,0,0,0,0,0,0,0,1.7320508075688772,0,0,0,0,,"2009","West","Rincon","Tres Palmas 5m","Very Shallow","3","2009Tres Palmas 5m3","2009_Tres Palmas 5m","2009_Rincon","2009_West"
1,0,0,0,0,0,0,0,0,7.54983443527075,1,0,0,0,0,0,0,0,0,0,0,0,0,0,0,0,1,0,0,0,0,0,0,0,0,0,0,0,0,0,0,0,0,0,0,0,0,0,0,0,0,0,0,0,0,0,0,0,0,0,0,0,0,0,0,0,0,0,0,0,0,0,0,0,0,0,0,0,0,0,0,0,0,0,0,0,0,0,0,0,0,0,0,0,0,0,0,0,0,0,0,1.4142135623730951,0,0,0,0,0,0,0,0,0,0,0,0,2.23606797749979,0,0,0,0,0,0,0,0,0,0,0,0,0,0,0,0,0,0,0,0,0,0,0,0,0,0,0,0,0,0,0,0,0,0,0,0,0,0,0,0,0,0,0,2.6457513110645907,0,0,0,0,0,0,0,0,0,0,0,0,0,0,0,0,3.872983346207417,0,1,0,0,0,0,0,0,0,0,0,0,0,0,0,0,0,0,0,0,0,0,0,0,0,0,0,0,0,0,0,0,0,0,0,0,0,0,0,0,0,0,0,0,0,0,0,0,0,0,0,0,4.123105625617661,0,0,0,0,0,0,0,0,0,0,0,0,0,1.7320508075688772,0,0,0,0,,"2009","West","Rincon","Tres Palmas 5m","Very Shallow","4","2009Tres Palmas 5m4","2009_Tres Palmas 5m","2009_Rincon","2009_West"
0,0,0,0,0,0,0,0,0,7.416198487095663,1,0,0,0,0,0,0,0,0,0,0,0,0,0,0,0,0,0,0,0,0,0,0,0,0,0,0,0,0,0,0,0,0,0,0,0,0,0,0,0,0,0,0,0,0,0,0,0,0,0,0,0,0,0,0,0,0,0,0,0,0,0,0,0,0,0,0,0,0,0,0,0,0,0,0,0,0,0,0,0,0,0,0,0,0,0,0,0,0,0,0,0,0,0,0,0,0,0,0,0,0,1.4142135623730951,0,1,3.1622776601683795,0,0,0,0,0,0,0,0,0,0,0,0,0,0,0,0,0,0,0,0,0,0,0,0,0,0,0,0,0,0,0,0,0,0,0,0,0,0,0,0,0,0,0,1.4142135623730951,0,0,0,0,0,0,0,0,0,0,0,0,0,0,0,0,3.3166247903554,0,0,0,0,0,0,0,0,0,0,0,0,0,0,0,0,0,0,0,0,0,0,0,0,0,0,0,0,0,0,0,1,0,0,0,0,0,0,0,0,0,0,0,0,0,0,0,0,0,0,0,0,3.872983346207417,0,0,0,0,0,0,0,0,0,0,0,0,0,1.4142135623730951,0,0,0,0,,"2009","West","Rincon","Tres Palmas 5m","Very Shallow","5","2009Tres Palmas 5m5","2009_Tres Palmas 5m","2009_Rincon","2009_West"
0,0,0,0,0,0,0,0,0,1,2,0,0,0,0,1.7320508075688772,0,0,0,0,0,0,0,0,0,0,0,0,0,0,0,0,0,0,0,0,0,0,0,0,0,0,0,0,0,1,0,0,0,0,0,0,1,0,0,0,0,0,0,0,0,0,0,0,0,0,0,0,0,0,0,0,0,0,0,0,0,1,0,0,0,0,0,0,0,0,0,0,0,0,0,0,0,0,0,0,0,0,0,0,0,0,0,0,0,0,0,0,0,0,0,0,0,2.23606797749979,0,0,0,0,0,0,0,0,0,0,0,0,0,0,0,0,0,0,0,0,0,0,0,0,0,0,0,0,0,0,0,0,0,0,0,0,0,0,0,0,0,0,0,0,0,0,0,0,0,0,0,0,0,0,0,0,0,0,0,0,0,0,0,0,0,0,0,0,0,0,0,0,0,0,0,0,0,0,0,0,0,0,0,0,0,0,0,0,0,0,0,3.3166247903554,0,0,0,0,0,0,0,0,0,0,1,0,2.23606797749979,0,0,0,0,1,0,0,0,0,0,0,0,4.69041575982343,0,0,0,0,0,0,0,0,0,0,3.872983346207417,0,0,0,0,,"2010","West","Rincon","Tres Palmas 10m","Shallow","1","2010Tres Palmas 10m1","2010_Tres Palmas 10m","2010_Rincon","2010_West"
0,0,0,0,0,0,0,0,0,0,0,0,0,0,0,0,0,0,0,0,0,0,0,0,0,0,0,0,0,0,0,0,0,0,0,0,0,0,0,0,0,0,0,0,0,0,0,0,1,0,0,0,0,0,0,0,0,0,0,0,0,0,0,0,0,0,0,0,0,0,0,0,0,0,0,0,0,1,0,0,0,0,0,0,0,0,0,0,0,0,0,0,0,0,0,0,0,0,0,0,0,0,0,0,0,0,0,0,0,0,0,0,0,2,0,0,0,0,0,0,0,0,0,0,1,0,0,0,0,0,0,0,0,0,0,0,0,0,0,0,0,0,0,0,0,0,0,0,0,0,0,0,0,0,0,0,0,0,0,0,0,0,0,0,0,0,0,0,0,0,0,0,0,0,0,0,0,0,0,0,0,0,0,0,0,0,0,0,0,0,0,0,0,0,0,0,0,0,0,0,0,0,0,0,0,1,0,0,0,0,0,0,0,0,0,0,0,0,1.4142135623730951,0,0,0,0,0,0,0,0,0,0,0,0,4.358898943540674,0,0,0,0,0,0,0,0,0,0,2.449489742783178,0,0,0,0,,"2010","West","Rincon","Tres Palmas 10m","Shallow","2","2010Tres Palmas 10m2","2010_Tres Palmas 10m","2010_Rincon","2010_West"
0,0,0,0,0,0,0,0,0,0,2.449489742783178,0,0,0,0,0,0,0,0,0,0,0,0,1,0,0,0,0,0,0,0,0,0,0,1,0,0,0,0,0,0,0,0,0,0,1.4142135623730951,0,0,1.4142135623730951,0,0,0,0,0,0,0,0,0,0,0,0,0,0,0,0,0,0,0,0,0,0,0,0,0,0,0,0,0,0,0,0,0,0,0,0,0,0,0,0,0,0,0,0,0,0,0,0,0,0,0,0,0,0,0,0,0,0,0,0,0,0,0,0,1.4142135623730951,0,0,0,0,0,0,0,0,0,0,1,0,0,0,0,0,0,0,0,0,0,0,0,0,0,0,0,0,0,0,0,0,0,0,0,0,0,0,0,0,0,0,0,0,0,0,0,0,0,0,0,0,0,0,0,0,1,0,0,0,0,0,0,0,0,0,0,0,0,0,0,0,0,0,0,0,0,0,0,0,0,0,0,0,0,0,0,0,0,0,0,1.4142135623730951,0,0,0,0,0,0,0,0,0,0,1,0,2,0,0,0,0,0,0,0,0,0,0,0,0,4.47213595499958,0,0,0,1,0,0,0,0,0,0,5.291502622129181,0,0,0,0,,"2010","West","Rincon","Tres Palmas 10m","Shallow","3","2010Tres Palmas 10m3","2010_Tres Palmas 10m","2010_Rincon","2010_West"
0,0,0,0,0,0,0,0,0,0,1,0,0,0,0,0,0,0,0,0,0,0,0,0,0,0,0,0,0,0,0,0,0,0,0,0,0,0,0,0,0,0,0,0,0,0,0,0,1.4142135623730951,0,0,0,0,0,0,0,0,0,0,0,0,0,0,0,0,0,0,0,0,0,0,0,0,0,0,0,0,1,0,0,0,0,0,0,0,0,0,0,0,0,0,0,0,0,0,0,0,0,0,0,0,0,0,0,0,0,0,0,0,0,0,0,0,1,0,0,0,0,0,0,0,0,0,0,0,0,0,0,0,0,0,0,0,0,0,0,0,0,0,0,0,0,1,0,0,0,0,0,0,0,0,0,0,0,0,0,0,0,0,0,0,0,0,0,0,0,0,0,0,0,0,0,0,0,0,0,0,0,0,0,0,0,0,0,0,0,0,0,0,0,0,0,0,0,0,0,0,0,0,0,0,0,0,0,0,0,0,1,0,0,0,0,0,0,0,0,0,0,1.7320508075688772,0,0,0,0,0,0,0,0,0,0,0,0,5.0990195135927845,0,0,0,0,0,0,0,0,0,0,4.898979485566356,0,0,0,0,,"2010","West","Rincon","Tres Palmas 10m","Shallow","4","2010Tres Palmas 10m4","2010_Tres Palmas 10m","2010_Rincon","2010_West"
0,0,0,0,0,0,0,0,0,1,2.23606797749979,0,0,0,1,1.7320508075688772,0,0,0,0,0,0,0,0,0,0,1,0,0,0,0,0,0,0,0,0,0,0,0,0,0,0,0,0,0,1.4142135623730951,0,0,0,0,0,0,0,0,0,0,0,0,0,0,0,0,0,0,0,0,0,0,0,0,0,0,0,0,0,0,0,1.4142135623730951,0,0,0,0,0,0,0,0,0,0,0,0,0,0,0,0,0,0,0,0,0,0,0,0,0,0,0,0,0,0,0,0,0,0,0,2.449489742783178,1.7320508075688772,0,0,0,0,0,0,0,0,0,1,0,0,0,0,0,0,0,0,0,0,0,0,0,0,0,0,0,0,0,0,0,0,0,0,0,0,0,0,0,0,0,0,0,1,0,0,2.23606797749979,0,0,0,0,0,0,0,0,0,0,0,0,0,0,0,0,0,0,0,0,0,0,0,0,0,0,0,0,0,0,0,0,0,0,0,0,0,0,0,0,0,0,0,2.23606797749979,0,0,0,0,0,0,0,0,0,0,1,0,2,0,0,0,0,0,0,0,0,0,0,0,0,5.477225575051661,0,0,0,0,0,0,0,0,0,0,5,0,0,0,0,,"2010","West","Rincon","Tres Palmas 10m","Shallow","5","2010Tres Palmas 10m5","2010_Tres Palmas 10m","2010_Rincon","2010_West"
0,0,0,0,0,0,0,0,0,1.4142135623730951,1.4142135623730951,0,0,0,1,0,1,1,0,0,0,0,0,1,0,0,1,0,0,0,0,0,0,0,1.4142135623730951,0,0,0,0,0,0,0,0,0,1.7320508075688772,0,0,0,0,0,1,0,4.358898943540674,0,0,0,8.06225774829855,0,0,0,3.605551275463989,4.47213595499958,0,0,0,0,0,0,0,0,0,0,0,0,0,0,0,2,0,0,0,0,0,0,0,0,0,0,0,0,0,0,0,0,0,0,0,0,0,0,3.872983346207417,0,0,0,0,0,0,0,0,0,0,0,0,0,0,0,0,0,0,0,0,0,0,0,0,0,0,0,0,0,0,0,0,0,0,0,0,0,0,0,0,0,0,0,0,0,0,0,0,0,0,1,0,0,0,0,0,1.7320508075688772,0,0,0,0,0,0,0,0,0,0,0,0,1,0,0,1,0,0,0,0,0,0,0,0,0,0,0,0,0,0,0,0,0,1,0,0,0,0,0,0,1,0,0,0,0,0,0,0,0,0,0,0,0,0,0,0,0,0,0,0,0,0,0,0,0,1.4142135623730951,0,0,0,0,0,0,1.7320508075688772,4.69041575982343,0,0,0,1,0,0,0,0,0,0,3.1622776601683795,0,0,0,0,,"2010","West","Rincon","Tres Palmas 20m","Intermediate","1","2010Tres Palmas 20m1","2010_Tres Palmas 20m","2010_Rincon","2010_West"
0,0,0,0,0,0,0,0,0,0,1,0,0,0,0,0,0,0,0,0,0,0,0,0,0,0,0,0,0,0,0,0,0,0,1,0,0,0,0,0,0,0,0,0,1.4142135623730951,1,0,0,0,0,0,0,1,0,0,0,0,0,0,0,3.4641016151377544,11.61895003862225,0,0,0,0,0,0,0,0,0,0,0,0,0,0,0,2,0,0,0,0,0,0,0,0,0,0,0,0,0,0,0,0,0,0,0,0,0,0,0,0,0,0,0,0,0,0,0,0,0,0,0,1.7320508075688772,0,0,0,0,0,0,0,0,0,0,0,0,0,0,0,0,0,0,1,0,0,0,1,0,0,0,0,0,0,0,0,0,0,0,0,0,0,0,0,0,0,0,0,0,1,0,0,0,0,0,0,0,0,0,0,0,0,1,0,0,0,0,0,0,0,0,0,0,0,0,0,0,0,0,0,0,0,0,0,0,0,0,0,0,0,0,0,0,0,0,0,1.4142135623730951,0,0,0,0,0,0,0,0,0,0,0,0,1.4142135623730951,0,0,0,0,1.7320508075688772,0,0,0,0,0,0,2.23606797749979,3.605551275463989,0,0,0,0,0,0,0,0,0,0,3,0,0,0,0,,"2010","West","Rincon","Tres Palmas 20m","Intermediate","2","2010Tres Palmas 20m2","2010_Tres Palmas 20m","2010_Rincon","2010_West"
0,0,0,0,0,0,0,0,0,0,0,0,0,0,1,2,0,0,0,0,0,0,0,0,0,0,0,0,0,0,0,0,0,0,0,0,0,0,0,0,0,0,0,0,1,0,0,0,0,0,0,0,4.795831523312719,0,2.23606797749979,0,2.23606797749979,0,0,0,2,5.916079783099616,0,0,0,0,0,0,0,0,0,0,0,0,0,0,0,1.7320508075688772,0,0,0,0,0,0,0,1,0,0,0,0,0,0,0,0,0,0,0,0,0,0,0,0,1.7320508075688772,0,0,0,0,0,0,0,0,0,0,2.23606797749979,0,0,0,0,0,0,0,0,0,0,0,0,0,0,0,0,0,0,0,0,0,0,0,0,0,0,0,0,0,0,0,0,0,0,0,0,0,0,0,0,0,0,0,0,0,0,0,0,0,0,0,0,0,0,0,0,1.7320508075688772,1.4142135623730951,0,0,0,0,0,0,0,0,0,0,0,0,0,0,0,0,0,0,0,0,0,0,0,0,0,0,0,0,0,0,0,0,0,1.7320508075688772,0,0,0,0,0,0,0,0,0,0,0,0,0,0,0,0,0,0,0,0,0,0,0,0,1.7320508075688772,4.242640687119285,0,0,0,0,0,0,0,0,0,0,2,0,0,0,0,,"2010","West","Rincon","Tres Palmas 20m","Intermediate","3","2010Tres Palmas 20m3","2010_Tres Palmas 20m","2010_Rincon","2010_West"
0,0,0,0,0,0,0,0,0,0,1.4142135623730951,0,0,0,0,0,0,0,0,0,0,0,0,0,0,0,0,0,0,0,0,0,0,0,0,0,0,0,0,0,0,0,0,0,0,0,0,0,1.4142135623730951,0,0,0,5.291502622129181,0,3.7416573867739413,0,0,0,0,0,3.1622776601683795,5.477225575051661,0,0,0,0,0,0,0,0,0,0,0,0,0,0,0,1.4142135623730951,0,0,0,0,0,0,0,0,0,0,0,0,0,0,0,0,0,0,0,0,0,0,0,0,0,0,0,0,0,0,0,0,0,0,0,1.7320508075688772,0,0,0,0,0,0,0,0,1.4142135623730951,0,1,0,0,0,0,0,0,0,0,0,0,0,0,0,0,0,0,0,0,0,0,0,0,0,0,0,0,0,0,0,0,0,0,1,0,0,0,0,0,0,0,0,0,0,0,0,1,0,0,0,0,0,0,0,0,0,0,0,0,0,0,0,0,0,0,0,1,0,0,0,1,0,0,0,0,0,0,0,0,0,0,1.7320508075688772,0,0,0,0,0,0,0,0,0,0,0,0,2,0,0,0,0,1.4142135623730951,0,0,0,0,0,0,1.4142135623730951,4.358898943540674,0,0,0,1,0,0,0,0,0,0,3.4641016151377544,0,0,0,0,,"2010","West","Rincon","Tres Palmas 20m","Intermediate","4","2010Tres Palmas 20m4","2010_Tres Palmas 20m","2010_Rincon","2010_West"
0,0,0,0,0,0,0,0,0,1,1,0,0,0,1,0,0,0,0,0,0,0,0,1,0,0,0,0,0,0,0,0,0,0,0,0,0,0,0,0,0,0,0,0,1.4142135623730951,1,0,0,1.4142135623730951,0,0,1,7.745966692414834,0,3.872983346207417,0,3.872983346207417,0,0,0,3.3166247903554,10,0,0,0,0,0,0,0,0,0,0,0,0,0,0,0,2,0,0,0,0,0,0,0,0,0,0,0,0,0,0,1.7320508075688772,0,0,0,0,0,0,0,0,0,0,0,0,0,0,0,0,0,0,0,0,1.7320508075688772,0,0,0,0,0,0,0,0,0,0,0,0,0,0,0,0,0,0,0,0,0,0,0,0,0,0,0,0,0,0,0,0,0,0,0,0,0,0,0,0,0,0,0,0,0,0,0,0,0,0,0,0,0,0,0,0,0,0,0,0,0,0,0,0,0,0,0,0,0,0,0,0,0,0,0,0,0,0,0,0,0,0,0,0,0,0,0,0,0,0,0,1.4142135623730951,0,0,0,0,0,0,0,0,0,0,0,0,1.4142135623730951,0,0,0,0,0,0,0,0,0,0,0,1.7320508075688772,6.557438524302,0,0,0,0,0,0,0,0,0,0,3.872983346207417,0,0,0,0,,"2010","West","Rincon","Tres Palmas 20m","Intermediate","5","2010Tres Palmas 20m5","2010_Tres Palmas 20m","2010_Rincon","2010_West"
4.69041575982343,0,0,0,0,0,0,0,0,7.745966692414834,0,0,0,0,0,0,0,1.4142135623730951,0,0,0,0,0,0,0,0,0,0,0,0,0,0,0,0,0,0,0,0,0,0,0,0,0,0,0,0,0,0,0,0,0,0,0,0,0,0,0,2.23606797749979,0,0,0,0,0,0,0,0,0,0,0,0,0,0,0,2.6457513110645907,0,0,0,0,0,0,0,0,0,0,0,0,0,0,0,0,0,0,0,0,0,0,0,0,0,0,0,1,1,1,0,0,0,0,0,0,0,0,0,0,2,0,0,0,0,0,0,0,0,0,0,0,0,0,0,0,0,0,0,0,0,0,0,1.4142135623730951,0,0,0,0,0,0,0,0,0,1.4142135623730951,0,0,0,0,0,0,0,0,0,0,1.7320508075688772,0,0,0,0,0,0,0,0,0,0,0,0,0,0,0,0,1.7320508075688772,0,0,0,0,0,0,0,0,0,0,2.449489742783178,0,0,0,0,1,0,0,0,0,0,0,0,0,0,0,0,0,0,0,0,0,0,0,0,0,0,0,0,0,0,0,0,0,0,0,0,0,0,0,0,0,4,0,0,0,0,0,0,0,0,0,1.7320508075688772,0,0,0,4.242640687119285,0,0,0,0,,"2010","West","Rincon","Tres Palmas 5m","Very Shallow","1","2010Tres Palmas 5m1","2010_Tres Palmas 5m","2010_Rincon","2010_West"
0,0,0,0,0,0,0,0,0,10,0,0,0,0,0,0,0,1,0,0,0,0,0,0,0,0,1,0,0,0,0,0,0,0,0,0,0,0,0,0,1.4142135623730951,0,0,0,0,0,0,0,0,0,0,0,0,0,0,0,0,0,0,0,0,0,0,0,0,0,0,0,0,0,0,0,0,1,0,0,0,0,0,0,0,0,0,0,0,0,0,0,0,0,0,0,0,0,0,0,0,0,0,0,0,0,0,0,0,0,0,0,0,0,0,0,0,0,1.7320508075688772,0,0,0,0,0,0,0,0,0,0,0,0,0,0,0,0,0,0,0,0,0,0,2.8284271247461903,0,0,0,0,0,0,0,0,0,0,0,0,0,0,0,0,0,0,0,0,2.23606797749979,0,0,0,0,0,0,0,0,0,0,0,0,0,0,0,0,1,0,0,0,1,0,0,0,0,0,0,2,0,0,0,0,0,0,0,0,0,0,0,0,0,0,1,0,0,0,0,0,0,0,0,0,0,0,0,0,0,0,0,0,0,0,0,0,0,0,0,0,0,4.242640687119285,0,0,0,0,0,0,0,0,0,1.4142135623730951,0,0,0,4.795831523312719,0,0,0,0,,"2010","West","Rincon","Tres Palmas 5m","Very Shallow","2","2010Tres Palmas 5m2","2010_Tres Palmas 5m","2010_Rincon","2010_West"
3.605551275463989,0,0,0,0,0,0,0,0,7.416198487095663,0,0,0,0,0,0,0,0,0,0,0,0,0,0,0,0,0,0,0,0,0,0,0,0,0,0,0,0,0,0,0,0,0,0,0,0,0,0,0,0,0,0,0,0,0,0,0,1.7320508075688772,0,0,0,0,0,0,0,0,0,0,0,0,0,0,0,1.7320508075688772,0,0,0,0,0,0,0,0,0,0,0,0,0,0,0,0,0,0,0,0,0,0,0,0,0,0,0,0,0,0,0,0,0,0,0,0,0,0,0,0,2,0,0,0,0,0,0,0,0,0,0,0,0,0,0,0,0,0,0,0,0,0,0,0,0,0,0,0,0,0,0,0,0,0,0,0,0,0,0,0,0,0,0,0,2.6457513110645907,0,0,0,0,0,0,0,0,0,0,0,0,0,0,0,0,1.7320508075688772,0,0,0,0,0,0,0,0,0,0,1,0,0,0,0,0,0,0,0,0,0,0,0,0,0,0,0,0,0,0,0,0,0,0,0,0,0,0,0,0,0,0,0,0,0,1.7320508075688772,0,1.4142135623730951,0,0,0,0,4.58257569495584,0,0,0,0,0,0,0,0,0,2,0,0,0,4.242640687119285,0,0,0,0,,"2010","West","Rincon","Tres Palmas 5m","Very Shallow","3","2010Tres Palmas 5m3","2010_Tres Palmas 5m","2010_Rincon","2010_West"
0,0,0,0,0,0,0,0,0,8.660254037844387,0,0,0,0,0,0,0,0,0,0,0,0,0,0,0,0,1,0,0,0,0,0,0,0,0,0,0,0,0,0,0,0,0,0,0,0,0,0,1.4142135623730951,0,0,0,0,0,0,0,0,0,0,0,0,0,0,0,0,0,0,0,0,0,0,0,0,0,0,0,0,0,0,0,0,0,0,0,0,0,0,0,0,0,0,0,0,0,0,0,0,0,0,0,0,0,2.6457513110645907,1,0,0,0,0,0,0,0,0,0,0,1.7320508075688772,0,0,0,0,0,0,0,0,0,1,0,0,0,0,0,0,0,0,0,0,0,0,0,0,0,0,0,0,0,0,0,1,0,0,0,0,0,0,0,0,0,0,0,2.449489742783178,0,0,0,0,0,0,0,0,0,0,0,0,0,0,0,0,1.7320508075688772,0,0,0,0,0,0,0,0,0,0,1.7320508075688772,0,0,0,0,0,0,0,0,0,0,0,0,0,0,0,0,0,0,0,0,0,0,0,0,0,0,0,0,0,0,0,0,0,0,0,0,1,0,0,0,0,3.3166247903554,0,0,0,0,0,0,0,0,0,1,0,0,0,2.449489742783178,0,0,0,0,,"2010","West","Rincon","Tres Palmas 5m","Very Shallow","4","2010Tres Palmas 5m4","2010_Tres Palmas 5m","2010_Rincon","2010_West"
1.7320508075688772,0,0,0,0,0,0,0,0,7.745966692414834,2.23606797749979,0,0,0,0,0,0,0,0,0,0,0,0,0,0,0,0,0,0,0,0,0,0,0,0,0,0,0,0,0,1.4142135623730951,0,0,0,0,0,0,0,1.4142135623730951,0,0,0,0,0,0,0,0,0,0,0,0,0,0,0,0,0,0,0,0,0,0,0,0,0,0,0,0,0,0,0,0,0,0,0,0,0,0,0,0,0,0,0,0,0,0,0,0,0,0,0,0,0,0,0,0,0,0,0,0,0,0,1,0,0,1.7320508075688772,0,0,0,0,0,0,0,0,0,0,0,0,0,0,0,0,0,0,0,0,0,0,2,0,0,0,0,0,0,0,0,0,0,0,0,0,0,0,0,0,0,0,0,1.7320508075688772,0,0,0,0,0,0,0,0,0,0,0,0,0,0,0,0,1.7320508075688772,0,0,0,0,0,0,0,0,0,0,0,0,0,0,0,0,0,0,0,0,0,0,0,0,0,0,0,0,0,0,0,0,0,0,0,0,0,0,0,0,0,0,0,0,0,0,0,1,0,0,0,0,1.7320508075688772,0,0,0,0,0,0,0,0,0,0,0,0,0,2.449489742783178,0,0,0,0,,"2010","West","Rincon","Tres Palmas 5m","Very Shallow","5","2010Tres Palmas 5m5","2010_Tres Palmas 5m","2010_Rincon","2010_West"
0,0,0,0,0,0,0,0,1,0,0,0,0,0,1,0,0,0,0,0,0,0,0,0,0,0,0,0,0,0,0,0,0,0,0,0,0,0,0,0,0,0,0,0,0,1.4142135623730951,0,0,1.4142135623730951,0,0,0,0,0,0,0,0,0,0,0,0,0,0,0,0,0,0,0,0,0,0,0,0,0,0,0,0,1,0,0,0,0,0,0,0,0,0,0,0,0,0,0,0,0,0,0,0,0,0,0,0,0,0,0,0,0,0,0,0,0,0,0,0,2.23606797749979,1.4142135623730951,0,0,0,0,0,0,0,0,0,0,0,0,0,0,0,0,0,0,0,0,0,0,0,0,0,0,0,0,0,0,0,0,0,0,0,0,0,0,0,0,0,0,0,0,0,0,0,0,0,0,0,0,0,0,0,0,0,0,0,0,0,0,0,0,0,0,0,0,0,0,0,0,0,0,0,0,0,0,0,0,0,0,0,0,0,0,0,0,0,0,1.4142135623730951,0,0,0,0,0,0,0,0,0,0,0,0,1,0,0,0,0,2.8284271247461903,0,0,0,0,0,0,0,4.47213595499958,0,0,0,0,0,0,0,0,0,0,6.324555320336759,0,0,0,0,,"2011","West","Rincon","Tres Palmas 10m","Shallow","1","2011Tres Palmas 10m1","2011_Tres Palmas 10m","2011_Rincon","2011_West"
0,0,0,0,0,0,0,0,2,1,0,0,0,0,0,0,0,0,0,0,0,0,0,0,0,0,0,0,0,0,0,0,0,0,2,0,0,0,0,0,0,0,0,0,0,2,0,0,0,0,0,0,0,0,0,0,0,0,0,0,0,0,0,0,0,0,0,0,0,0,0,0,0,0,0,0,0,1.4142135623730951,0,0,0,0,0,0,0,0,0,0,0,0,0,0,0,0,0,0,0,0,0,0,0,0,0,0,0,0,0,0,0,0,0,0,0,1.4142135623730951,1,0,0,0,0,0,0,0,0,0,1,0,0,0,0,0,0,0,0,0,0,0,0,0,0,0,0,0,0,0,0,0,0,0,0,0,0,0,0,0,0,0,0,0,0,0,0,0,0,0,0,0,0,0,0,0,0,0,0,0,0,0,0,0,0,0,0,0,0,0,0,0,0,0,0,0,0,0,0,0,0,0,0,0,0,0,0,0,0,0,0,0,0,1,0,0,0,0,0,0,0,0,1.7320508075688772,0,0,0,0,0,0,1.7320508075688772,0,0,0,0,0,0,0,5,0,0,0,0,0,0,0,0,0,0,6.082762530298219,0,0,0,0,,"2011","West","Rincon","Tres Palmas 10m","Shallow","2","2011Tres Palmas 10m2","2011_Tres Palmas 10m","2011_Rincon","2011_West"
0,0,0,0,0,0,0,0,1,1,0,0,0,0,0,1,0,0,0,0,0,0,0,0,0,0,0,0,0,0,0,0,0,0,1,0,0,0,0,0,0,0,0,0,0,2,0,0,2,0,0,0,0,0,0,0,0,0,0,0,0,0,0,0,0,0,0,0,0,1,0,0,0,0,0,0,0,2,0,0,0,0,0,0,0,0,0,0,0,0,0,0,0,0,0,0,0,0,0,0,0,0,0,0,0,0,0,0,0,0,0,0,0,2,1,0,0,0,0,0,0,0,0,0,1,0,0,0,0,0,0,0,0,0,0,0,0,0,0,0,0,0,0,0,0,0,0,0,0,0,0,0,0,0,0,0,0,0,1,0,0,0,0,0,0,0,0,0,0,0,0,0,0,0,0,1,0,0,0,0,0,0,0,0,0,0,0,0,0,0,0,0,0,0,0,0,0,0,0,0,0,0,0,0,0,1.7320508075688772,0,0,0,0,0,0,0,0,0,0,1,0,1,0,0,0,0,2,0,0,0,0,0,0,0,4.69041575982343,0,0,0,0,0,0,0,0,0,0,5.477225575051661,0,0,0,0,,"2011","West","Rincon","Tres Palmas 10m","Shallow","3","2011Tres Palmas 10m3","2011_Tres Palmas 10m","2011_Rincon","2011_West"
0,0,0,0,0,0,0,0,1,0,0,0,0,0,1,0,0,0,0,0,0,0,0,0,0,0,0,0,0,0,0,0,0,0,1,0,0,0,0,0,0,0,0,0,0,1.4142135623730951,0,0,1,0,0,0,2,0,0,0,0,0,0,1,1,0,0,0,0,0,0,0,0,0,0,0,0,0,0,0,0,2,0,0,0,0,0,0,0,0,0,0,0,0,0,0,0,0,0,0,0,0,0,0,0,0,0,0,0,0,0,0,0,0,0,0,0,1,1.7320508075688772,0,0,0,0,0,0,0,0,0,0,0,0,0,0,0,0,0,0,0,0,0,0,0,0,0,0,0,0,0,0,0,0,0,0,0,0,0,0,0,0,0,1,0,0,0,0,0,0,0,0,0,0,0,0,0,0,0,0,0,0,0,0,0,0,1,0,0,0,0,0,0,0,0,0,0,0,0,0,0,0,0,0,0,0,0,0,0,0,0,0,1,0,0,0,0,0,0,0,0,0,0,1.4142135623730951,0,0,0,0,0,0,1,0,0,0,0,0,0,0,6.855654600401044,0,0,0,0,0,0,0,0,0,0,5.656854249492381,0,0,0,0,,"2011","West","Rincon","Tres Palmas 10m","Shallow","4","2011Tres Palmas 10m4","2011_Tres Palmas 10m","2011_Rincon","2011_West"
0,0,0,0,0,0,0,0,1.4142135623730951,0,0,0,0,0,0,0,0,0,0,0,0,0,0,0,0,0,0,0,0,0,0,0,0,0,1,0,0,0,0,0,0,0,0,0,0,2,0,0,1,0,0,1,0,0,0,0,0,0,0,0,0,0,0,0,0,0,0,0,0,0,0,0,0,0,0,0,0,1.4142135623730951,0,0,0,0,0,0,0,0,0,0,0,0,0,0,0,0,0,0,0,0,0,0,0,0,0,0,0,0,0,0,0,0,0,0,0,0,1.4142135623730951,0,0,0,0,0,0,0,0,0,1,0,0,0,0,0,0,0,0,0,0,0,0,0,0,0,0,0,0,0,0,0,0,0,0,0,0,0,0,0,0,0,0,0,0,0,0,0,0,0,0,0,0,0,0,0,0,0,0,0,0,0,0,0,0,0,0,0,0,0,0,0,0,0,0,0,0,0,0,0,0,0,0,0,0,0,0,0,0,0,0,2.23606797749979,0,1,0,0,0,0,0,0,0,0,1,0,0,0,0,0,0,1.7320508075688772,0,0,0,0,0,0,0,4.358898943540674,0,0,0,0,0,0,0,0,0,0,4.123105625617661,0,0,0,0,,"2011","West","Rincon","Tres Palmas 10m","Shallow","5","2011Tres Palmas 10m5","2011_Tres Palmas 10m","2011_Rincon","2011_West"
0,0,0,0,0,0,0,0,0,0,0,0,0,0,0,1,0,0,0,0,0,0,0,0,0,0,0,0,0,0,0,0,0,0,1,0,0,0,0,0,0,0,0,0,2,1,0,0,0,0,0,0,1,0,0,0,0,0,0,0,3.605551275463989,5.477225575051661,0,0,0,0,0,0,0,0,0,0,0,0,0,0,0,1,0,0,0,0,0,0,0,0,0,0,0,0,0,0,0,0,0,0,0,0,0,0,0,0,0,0,0,0,0,0,0,0,0,0,0,3,0,0,0,0,0,0,0,0,0,0,1,0,0,0,0,0,0,0,0,0,0,0,0,0,0,0,0,0,0,0,0,0,0,0,0,0,0,0,0,0,0,0,0,0,0,0,0,0,0,0,0,0,0,0,0,0,0,0,0,0,0,0,0,0,0,0,0,0,0,0,0,0,0,0,0,0,0,0,0,0,0,0,1,0,0,0,0,0,0,0,0,0,0,1,0,0,0,0,0,0,0,0,1,0,0,0,0,0,0,1.7320508075688772,0,0,0,0,0,0,2.23606797749979,3.605551275463989,0,0,0,0,0,0,0,0,0,0,2.449489742783178,0,0,0,0,,"2011","West","Rincon","Tres Palmas 20m","Intermediate","1","2011Tres Palmas 20m1","2011_Tres Palmas 20m","2011_Rincon","2011_West"
0,0,0,0,0,0,0,0,2,0,0,0,0,0,0,0,0,0,0,0,0,0,0,0,0,0,1,0,0,0,0,0,0,0,1.7320508075688772,0,0,0,0,0,0,0,0,0,1,0,0,0,0,0,0,0,4.69041575982343,0,2.23606797749979,0,8.06225774829855,0,0,0,5,4.898979485566356,0,0,0,0,0,0,0,0,0,0,0,0,0,0,0,1.4142135623730951,0,0,0,0,0,0,0,0,0,0,0,0,0,0,0,0,0,0,1,0,0,0,0,0,1.7320508075688772,0,2.23606797749979,0,0,0,0,0,0,0,0,1.7320508075688772,0,0,0,0,0,0,0,0,1,0,0,0,0,0,0,0,0,0,0,0,0,1,0,0,0,0,0,0,0,0,0,0,0,0,0,0,0,0,0,0,0,0,0,0,0,0,0,0,0,0,0,0,0,0,0,0,0,1.4142135623730951,0,0,0,0,0,0,0,0,0,0,0,0,0,0,0,0,0,0,1,0,0,0,0,0,0,0,0,0,0,0,0,0,0,0,0,0,0,0,0,0,0,0,0,0,0,0,0,0,0,0,0,0,0,0,0,0,0,0,2,5.291502622129181,0,0,0,0,0,0,0,0,0,0,6.324555320336759,0,0,0,0,,"2011","West","Rincon","Tres Palmas 20m","Intermediate","2","2011Tres Palmas 20m2","2011_Tres Palmas 20m","2011_Rincon","2011_West"
0,0,0,0,0,0,0,0,1,0,1,0,0,0,0,1.4142135623730951,0,0,0,0,0,0,0,0,0,0,0,0,0,0,0,0,0,0,1.7320508075688772,0,0,0,0,0,0,0,0,0,2,0,0,0,0,0,1.4142135623730951,1,4.47213595499958,0,3.7416573867739413,0,5.477225575051661,0,0,0,5,8,0,0,0,0,0,0,0,0,0,0,0,0,0,0,0,2,0,0,0,1,0,0,0,0,0,0,0,0,0,0,0,0,0,0,0,0,0,0,0,0,1,0,0,0,0,0,0,0,0,0,0,2.449489742783178,0,0,0,0,0,0,0,0,0,0,0,0,0,0,1,0,0,0,0,0,0,0,0,0,0,0,0,0,0,0,0,0,0,0,0,0,0,0,0,0,0,0,0,2,0,0,0,0,0,0,0,0,0,0,0,0,2.6457513110645907,1.4142135623730951,0,0,0,0,0,0,0,0,0,0,0,0,0,0,0,0,0,0,0,0,0,0,0,0,1,0,0,0,0,0,0,0,0,0,0,2,0,0,0,0,0,0,0,0,0,0,1,0,0,0,0,1.7320508075688772,0,0,0,0,0,0,1.4142135623730951,3.872983346207417,0,0,0,0,0,0,0,0,0,0,3.4641016151377544,0,0,0,0,,"2011","West","Rincon","Tres Palmas 20m","Intermediate","3","2011Tres Palmas 20m3","2011_Tres Palmas 20m","2011_Rincon","2011_West"
0,0,0,0,0,0,0,0,1,0,0,0,0,0,1,0,0,0,0,0,0,0,0,0,0,0,0,0,0,0,0,0,0,0,1.4142135623730951,0,0,0,0,0,0,0,0,0,1,1.4142135623730951,0,0,1.4142135623730951,0,0,0,0,0,0,0,0,0,0,1,5,6.324555320336759,0,0,0,0,0,0,0,0,0,0,0,0,0,0,0,1.7320508075688772,0,0,0,0,0,0,0,0,0,0,0,0,0,0,0,0,0,0,0,0,0,0,0,0,1,0,0,0,0,0,0,0,0,0,0,1.4142135623730951,0,0,0,0,0,0,0,0,1,0,0,0,0,0,0,0,0,0,0,0,0,0,0,0,0,0,0,0,0,0,0,0,0,0,0,0,0,0,0,0,0,0,0,1,0,0,0,0,0,0,0,0,0,0,0,0,1.7320508075688772,0,0,0,0,0,0,0,0,0,0,0,0,0,0,0,0,0,0,0,0,1,0,0,0,0,0,0,0,0,0,0,0,0,0,0,0,0,0,0,0,0,0,0,0,0,0,0,1.4142135623730951,0,0,0,0,1.4142135623730951,0,0,0,0,0,0,1.4142135623730951,3,0,0,0,1,0,0,0,0,0,0,5.385164807134504,0,0,0,0,,"2011","West","Rincon","Tres Palmas 20m","Intermediate","4","2011Tres Palmas 20m4","2011_Tres Palmas 20m","2011_Rincon","2011_West"
0,0,0,0,0,0,0,0,1.4142135623730951,1,0,0,0,0,1,0,0,0,0,0,0,0,0,0,0,0,0,0,0,0,0,0,0,0,1,0,1.4142135623730951,0,0,0,0,0,0,0,1.4142135623730951,0,0,0,1,0,0,0,7.0710678118654755,0,3.1622776601683795,0,4.47213595499958,0,0,1,4.58257569495584,2.8284271247461903,0,0,0,0,0,0,0,0,0,0,0,0,0,0,0,2,0,0,0,0,0,0,0,0,0,0,0,0,0,0,0,0,0,0,0,0,0,0,0,0,1,0,0,0,0,0,0,0,0,0,0,2,0,0,0,0,0,0,0,0,0,0,0,0,0,0,0,0,0,0,1,0,0,0,0,0,0,0,0,0,0,0,0,0,0,0,0,0,0,0,0,0,0,0,0,0,0,0,0,0,0,0,0,0,0,0,0,0,1.4142135623730951,0,0,0,0,0,0,0,0,0,0,0,0,0,0,0,0,0,0,0,0,0,0,0,0,0,0,0,0,0,0,0,0,0,0,0,0,2,0,0,0,0,0,0,0,0,1,0,1,0,0,0,0,3.3166247903554,0,0,0,0,0,0,1,4.898979485566356,0,0,0,0,0,0,0,0,0,0,3.605551275463989,0,0,0,0,,"2011","West","Rincon","Tres Palmas 20m","Intermediate","5","2011Tres Palmas 20m5","2011_Tres Palmas 20m","2011_Rincon","2011_West"
1.7320508075688772,0,0,0,0,0,0,0,0,1.7320508075688772,1.7320508075688772,0,0,0,1.7320508075688772,0,0,0,0,0,0,0,0,0,0,0,1,0,0,0,0,0,0,0,0,0,0,0,0,0,1,0,0,0,0,0,0,0,0,0,0,0,0,0,0,0,0,2,0,0,0,0,0,0,0,0,0,0,0,0,0,0,0,2.23606797749979,0,0,0,0,0,0,0,0,0,0,0,0,0,0,0,0,0,0,0,0,0,0,0,0,0,0,0,0,0,0,0,0,0,0,0,0,0,0,0,0,3.1622776601683795,0,0,0,0,0,0,0,0,0,0,0,0,0,0,0,0,0,0,0,0,0,0,1,0,0,0,0,0,0,0,0,0,0,0,0,0,0,0,0,0,0,0,0,2.23606797749979,0,0,0,0,0,0,0,0,0,0,0,0,0,0,0,0,2.8284271247461903,0,0,0,0,0,0,0,0,0,0,1.4142135623730951,0,0,0,0,0,0,0,0,0,0,0,0,0,0,0,0,0,0,1,0,0,0,0,0,0,0,0,0,0,0,0,2,0,0,0,0,1,0,0,0,0,3.1622776601683795,0,1,0,0,0,0,0,0,0,1,0,0,0,3.1622776601683795,0,0,0,0,,"2011","West","Rincon","Tres Palmas 5m","Very Shallow","1","2011Tres Palmas 5m1","2011_Tres Palmas 5m","2011_Rincon","2011_West"
0,0,0,0,0,0,0,0,0,0,1,0,0,0,0,0,0,0,0,0,0,0,0,0,0,0,0,0,0,0,0,0,0,0,0,0,0,0,0,0,0,0,0,0,0,0,0,0,0,0,0,0,0,0,0,0,0,1,0,0,0,0,0,0,0,0,0,0,0,0,0,0,0,1.7320508075688772,0,0,0,0,0,0,0,0,0,0,0,0,0,0,0,0,0,0,0,0,0,0,0,0,0,0,0,0,0,0,0,0,0,0,0,0,0,1,0,0,2.23606797749979,0,0,0,0,0,0,0,0,0,1,0,0,0,0,0,0,0,0,0,0,0,0,0,0,0,0,0,0,0,0,0,0,0,0,0,0,0,0,0,0,0,0,0,2.449489742783178,0,0,0,0,0,0,0,0,0,0,0,0,0,0,0,0,2.23606797749979,0,0,0,0,0,0,0,0,0,0,0,0,0,0,0,0,0,0,0,0,0,0,0,0,0,0,0,0,0,0,0,0,0,0,0,0,0,0,0,0,0,0,0,0,0,0,0,0,0,0,0,0,4,0,0,0,0,0,0,0,0,0,0,0,0,0,0,0,0,0,0,,"2011","West","Rincon","Tres Palmas 5m","Very Shallow","2","2011Tres Palmas 5m2","2011_Tres Palmas 5m","2011_Rincon","2011_West"
1,0,0,0,0,0,0,0,0,0,0,0,0,0,0,0,0,0,0,0,0,0,0,0,0,0,0,0,0,0,0,0,0,0,0,0,0,0,0,0,0,0,0,0,0,0,0,0,0,0,0,0,0,0,0,0,0,2.23606797749979,0,0,0,0,0,0,0,0,0,0,0,0,0,0,0,2,0,0,0,0,0,0,0,0,0,0,0,0,0,0,0,0,0,0,0,0,0,0,0,0,0,0,0,0,0,0,0,0,0,0,0,0,0,0,0,0,1.4142135623730951,0,0,0,0,0,0,0,0,0,0,0,0,0,0,0,0,0,0,0,0,0,0,0,0,0,0,0,0,0,0,0,0,0,0,0,0,0,0,0,0,0,0,0,1.4142135623730951,0,0,1.4142135623730951,0,0,0,0,0,0,0,0,0,0,0,0,0,2.449489742783178,0,0,0,0,0,0,0,0,0,0,0,0,0,0,0,0,0,0,0,0,0,0,0,0,0,0,0,0,0,0,0,0,1,0,0,0,0,0,0,0,0,0,0,0,0,1,0,0,0,0,0,0,4.242640687119285,0,0,0,0,0,0,0,0,0,1.4142135623730951,0,0,0,3.872983346207417,0,0,0,0,,"2011","West","Rincon","Tres Palmas 5m","Very Shallow","3","2011Tres Palmas 5m3","2011_Tres Palmas 5m","2011_Rincon","2011_West"
0,0,0,0,0,0,0,0,0,2.23606797749979,0,0,0,0,0,0,0,0,0,0,0,0,0,0,0,0,1.4142135623730951,0,0,0,0,0,0,0,0,0,0,0,0,0,1.4142135623730951,0,0,0,0,0,0,0,0,0,0,0,0,0,0,0,0,0,0,0,0,0,0,0,0,0,0,0,0,0,0,0,0,1.7320508075688772,0,0,0,0,0,0,0,0,0,0,0,0,0,0,0,0,0,0,0,0,0,0,0,0,0,0,0,0,1.4142135623730951,0,0,0,0,0,0,0,0,0,0,1.4142135623730951,1.4142135623730951,0,0,0,0,0,0,0,0,0,0,0,0,0,0,0,0,0,0,0,0,0,0,0,0,0,0,0,0,0,0,0,0,0,0,0,0,0,0,0,0,0,0,0,1.4142135623730951,0,0,0,0,0,0,0,0,0,0,0,0,0,0,0,0,1.4142135623730951,0,0,0,0,0,0,0,0,0,0,1.4142135623730951,0,0,0,0,0,0,0,0,0,0,0,0,0,0,1,0,0,0,0,0,0,0,0,0,0,0,0,0,0,0,0,0,0,0,1.4142135623730951,0,0,0,0,0,0,3.605551275463989,0,0,0,0,0,0,0,0,0,1,0,0,0,0,0,0,0,0,,"2011","West","Rincon","Tres Palmas 5m","Very Shallow","4","2011Tres Palmas 5m4","2011_Tres Palmas 5m","2011_Rincon","2011_West"
0,0,0,0,0,0,0,0,0,1.7320508075688772,0,0,0,0,0,0,0,0,0,0,0,0,0,0,0,0,0,0,0,0,0,0,0,0,0,0,0,0,0,0,0,0,0,0,0,0,0,0,0,0,0,0,0,0,0,0,0,0,0,0,0,0,0,0,0,0,0,0,0,0,0,0,0,0,0,0,0,0,0,0,0,0,0,0,0,0,0,0,0,0,0,0,0,0,0,0,0,0,0,0,0,0,0,0,0,0,0,0,0,0,0,1,0,0,0,0,0,0,0,0,0,0,0,0,0,0,0,0,0,0,0,0,0,0,0,0,0,0,0,0,0,0,0,0,0,0,0,0,0,0,0,0,0,0,0,0,0,0,1.7320508075688772,0,0,0,0,0,0,0,0,0,0,0,0,0,0,0,0,1.7320508075688772,0,0,0,0,0,0,0,0,0,0,0,0,0,0,0,0,0,0,0,0,0,0,0,0,0,0,0,0,0,0,0,0,0,0,0,0,0,0,0,0,0,0,0,0,0,0,0,0,0,0,0,0,3.4641016151377544,0,0,0,0,0,0,0,0,0,0,0,0,0,0,0,0,0,0,,"2011","West","Rincon","Tres Palmas 5m","Very Shallow","5","2011Tres Palmas 5m5","2011_Tres Palmas 5m","2011_Rincon","2011_West"
0,0,0,0,0,0,0,0,0,0,0,0,0,0,0,1.4142135623730951,0,0,0,0,0,0,0,0,0,0,0,0,0,0,0,0,0,0,0,0,0,0,0,0,0,0,0,0,0,1.4142135623730951,0,0,0,0,0,0,0,0,0,0,0,0,0,0,0,0,0,0,0,0,0,0,0,0,0,0,0,0,0,0,0,1,0,0,0,1,0,0,0,0,0,0,0,0,0,0,0,0,0,0,0,0,0,0,0,0,0,0,0,0,0,0,0,0,0,0,0,0,0,0,0,0,0,0,0,0,0,0,0,0,0,0,0,0,0,0,0,0,0,0,0,0,0,0,0,0,0,0,0,0,0,0,0,0,0,0,0,0,0,0,0,0,0,0,0,0,0,0,0,0,0,0,0,0,0,0,0,0,0,0,0,0,0,0,0,0,0,0,0,0,0,0,0,0,0,0,0,0,0,0,0,0,0,0,0,0,0,0,0,0,0,0,0,0,0,0,0,0,0,0,0,0,1,0,0,0,0,0,0,0,0,0,0,0,0,1.7320508075688772,0,0,0,0,0,0,0,0,0,0,0,0,0,0,0,,"2013","West","Rincon","Tres Palmas 10m","Shallow","1","2013Tres Palmas 10m1","2013_Tres Palmas 10m","2013_Rincon","2013_West"
0,0,0,0,0,0,0,0,1.4142135623730951,0,0,0,0,0,0,1,0,0,0,0,0,0,0,0,0,0,0,0,0,0,0,0,0,0,0,0,0,0,0,0,0,0,0,0,0,1.7320508075688772,0,0,0,0,0,0,1.4142135623730951,0,0,0,0,0,0,0,0,0,0,0,0,0,0,0,0,0,0,0,0,0,0,0,0,1.7320508075688772,0,0,0,0,0,0,0,0,0,0,0,0,0,0,0,0,0,0,0,0,0,0,0,0,0,0,0,0,0,0,0,0,0,0,0,0,1.7320508075688772,0,0,0,0,0,0,0,0,0,1,0,0,0,0,0,0,0,0,0,0,0,0,0,0,0,0,0,0,0,0,0,0,0,0,0,0,0,0,0,0,0,0,0,0,0,0,0,0,0,0,0,0,0,0,0,0,0,0,0,0,0,0,0,0,0,0,0,0,0,0,0,0,0,0,0,0,0,0,0,0,0,0,0,0,0,0,0,0,0,0,0,0,0,0,0,0,0,0,0,0,0,1,0,1,0,0,0,0,0,0,0,0,0,0,0,0,4.358898943540674,0,0,0,0,0,0,0,0,0,0,2.449489742783178,0,0,0,0,,"2013","West","Rincon","Tres Palmas 10m","Shallow","2","2013Tres Palmas 10m2","2013_Tres Palmas 10m","2013_Rincon","2013_West"
0,0,0,0,0,0,0,0,1.4142135623730951,1,0,0,0,0,0,0,0,0,0,0,0,0,0,0,0,0,0,0,0,0,0,0,0,0,0,0,0,0,0,0,0,0,0,0,0,0,0,0,1.4142135623730951,0,0,1,1.4142135623730951,0,0,0,0,0,0,0,0,0,0,0,0,0,0,0,0,0,0,0,0,0,0,0,0,1,0,0,0,1,0,0,0,0,0,0,0,0,0,0,0,0,0,0,0,0,0,0,0,0,0,0,0,0,0,0,0,0,0,0,0,0,0,0,0,0,0,0,0,0,0,0,0,0,0,0,0,0,0,0,0,0,0,0,0,0,0,0,0,0,0,0,0,0,0,0,0,0,0,0,0,0,0,0,0,0,0,0,0,0,0,0,0,0,0,0,0,0,0,0,0,0,0,0,0,0,0,0,0,0,0,0,0,0,0,0,0,0,0,0,0,0,0,0,0,0,0,0,0,0,0,0,0,0,0,0,0,0,0,0,0,0,0,0,0,0,1.4142135623730951,0,0,0,0,0,0,0,0,0,0,0,0,3,0,0,0,1,0,0,0,0,0,0,0,0,0,0,0,,"2013","West","Rincon","Tres Palmas 10m","Shallow","3","2013Tres Palmas 10m3","2013_Tres Palmas 10m","2013_Rincon","2013_West"
0,0,0,0,0,0,0,0,1.4142135623730951,0,0,0,0,0,0,0,0,0,0,0,0,0,0,0,0,0,0,0,0,0,0,0,0,0,1,0,0,0,0,0,0,0,0,0,0,1.7320508075688772,0,0,0,0,0,0,0,0,0,0,0,0,0,0,0,0,0,0,0,0,0,0,0,0,0,0,0,0,0,0,0,2.8284271247461903,0,0,0,0,0,0,0,0,0,0,0,0,0,0,0,0,0,0,0,0,0,0,0,0,0,0,0,0,0,0,0,0,0,0,0,0,1.4142135623730951,0,0,0,0,0,0,0,0,0,0,0,0,0,0,0,0,0,0,0,0,0,0,0,0,0,0,0,0,0,0,0,0,0,0,0,0,0,0,0,0,0,0,0,0,0,0,0,0,0,0,0,0,0,0,0,0,0,0,0,0,0,0,0,0,0,0,0,0,0,0,0,0,0,0,0,0,0,0,0,0,0,0,0,0,0,0,0,0,0,0,0,0,1,0,0,0,0,0,0,0,0,0,0,0,0,0,0,0,0,0,0,0,0,0,0,0,3.605551275463989,0,0,0,0,0,0,0,0,0,0,4.69041575982343,0,0,0,0,,"2013","West","Rincon","Tres Palmas 10m","Shallow","4","2013Tres Palmas 10m4","2013_Tres Palmas 10m","2013_Rincon","2013_West"
0,0,0,0,0,0,0,0,1,0,0,0,0,0,0,1,0,0,0,0,0,0,0,0,0,0,0,0,0,0,0,0,0,0,0,0,0,0,0,0,0,0,0,0,0,1,0,0,0,0,0,0,0,0,0,0,0,0,0,0,0,0,0,0,0,0,0,0,0,0,0,0,0,0,0,0,0,0,0,0,0,1,0,0,0,0,0,0,0,0,0,0,0,0,0,0,0,0,0,0,0,0,0,0,0,0,0,0,0,0,0,0,0,0,1,0,0,0,0,0,0,0,0,0,0,0,0,0,0,0,0,0,0,0,0,0,0,0,0,0,0,0,0,0,0,0,0,0,0,0,0,0,0,0,0,0,0,0,1,0,0,0,0,0,0,0,0,0,0,0,0,0,0,0,0,0,0,0,0,0,0,0,0,0,0,0,0,0,0,0,0,0,0,0,0,0,0,0,0,0,0,0,0,0,0,0,0,1,0,0,0,0,0,0,0,0,0,0,1,0,0,0,0,1.7320508075688772,0,0,0,0,0,0,0,3.4641016151377544,0,0,0,1,0,0,0,0,0,0,4.47213595499958,0,0,0,0,,"2013","West","Rincon","Tres Palmas 10m","Shallow","5","2013Tres Palmas 10m5","2013_Tres Palmas 10m","2013_Rincon","2013_West"
0,0,0,0,0,0,0,0,0,0,0,0,0,0,1,0,0,0,0,0,0,0,0,0,0,0,1,0,0,0,0,0,0,0,0,0,0,0,0,0,0,0,0,0,0,0,0,0,1.4142135623730951,0,0,0,6.324555320336759,0,0,0,7.0710678118654755,0,0,1,2.449489742783178,0,0,0,0,0,0,0,0,0,0,0,0,0,0,0,0,0,0,0,0,1,0,0,0,0,0,0,0,0,0,0,0,0,0,0,0,0,0,0,0,0,1.7320508075688772,0,0,0,0,0,0,0,0,0,0,2.23606797749979,0,0,0,0,0,0,0,0,0,0,0,0,0,0,0,0,0,0,0,0,0,0,0,0,0,0,0,0,0,0,0,0,0,0,0,0,0,0,0,0,0,0,0,0,0,0,0,0,0,0,0,0,0,1,0,0,1.4142135623730951,1,0,1.7320508075688772,0,0,0,0,0,0,0,0,0,0,0,0,0,0,0,0,0,0,0,0,0,0,0,0,0,0,0,0,0,0,0,0,0,0,0,0,0,0,0,0,0,0,1.4142135623730951,0,0,0,0,0,0,0,0,0,0,0,0,0,1,5.196152422706632,0,0,0,1,0,0,0,0,0,0,2.8284271247461903,0,0,0,0,,"2013","West","Rincon","Tres Palmas 20m","Intermediate","1","2013Tres Palmas 20m1","2013_Tres Palmas 20m","2013_Rincon","2013_West"
0,0,0,0,0,0,0,0,0,1.4142135623730951,0,0,0,0,0,1,0,0,0,0,0,0,0,0,0,0,0,0,0,0,0,0,0,0,0,0,0,0,0,0,0,0,0,0,1.7320508075688772,0,0,0,0,0,0,0,4.69041575982343,0,1.4142135623730951,0,0,0,0,0,0,3.872983346207417,0,0,0,0,0,0,0,0,0,0,0,0,0,0,0,0,0,0,0,0,0,0,0,0,0,0,0,0,0,0,0,0,0,0,0,0,0,0,0,0,0,0,0,0,0,0,0,0,0,0,0,1,0,0,0,0,0,0,0,0,0,0,1,0,0,0,0,0,0,0,0,0,0,0,0,0,0,0,0,0,0,0,0,0,0,0,0,0,0,0,0,0,0,0,0,0,0,0,0,0,0,0,0,0,0,0,0,0,0,1,0,0,0,0,0,0,0,0,0,0,0,0,0,0,0,0,0,0,0,1.4142135623730951,0,0,0,0,0,0,0,0,0,0,0,0,0,0,0,1.4142135623730951,0,0,0,0,0,0,0,0,0,0,1.4142135623730951,0,0,0,0,2,0,0,0,0,0,0,2.23606797749979,3.4641016151377544,0,0,0,0,0,0,0,0,0,0,6.324555320336759,0,0,0,0,,"2013","West","Rincon","Tres Palmas 20m","Intermediate","2","2013Tres Palmas 20m2","2013_Tres Palmas 20m","2013_Rincon","2013_West"
0,0,0,0,0,0,0,0,1,0,0,0,0,0,0,1.4142135623730951,0,0,0,0,0,0,0,0,0,0,0,0,0,0,0,0,0,0,1,0,0,0,0,0,0,0,0,0,1,0,0,0,1.4142135623730951,0,0,0,4.123105625617661,0,0,0,2.23606797749979,0,0,0,4.898979485566356,3.1622776601683795,0,0,0,0,0,0,0,0,0,0,0,0,0,0,0,1.7320508075688772,0,0,0,0,0,0,0,0,0,0,0,0,0,0,0,0,0,0,0,0,0,0,0,0,3.3166247903554,0,0,0,0,0,0,0,0,0,0,0,0,0,0,0,0,0,0,0,0,0,1,0,0,0,0,0,0,0,0,0,0,0,0,0,0,0,0,0,0,0,0,0,0,0,0,0,0,1,0,0,0,0,0,0,1,0,0,0,0,0,0,0,0,0,0,0,3.1622776601683795,1.7320508075688772,0,0,0,0,0,0,0,0,0,0,0,0,0,0,0,0,0,0,0,0,0,0,0,0,0,0,0,0,0,0,0,0,0,0,0,1.7320508075688772,0,0,0,0,0,0,0,0,0,0,0,0,0,0,0,0,0,0,0,0,0,0,1,1.7320508075688772,0,0,0,1,0,0,0,0,0,0,2.23606797749979,0,0,0,0,,"2013","West","Rincon","Tres Palmas 20m","Intermediate","3","2013Tres Palmas 20m3","2013_Tres Palmas 20m","2013_Rincon","2013_West"
0,0,0,0,0,0,0,0,0,1,0,0,0,0,0,0,0,1,0,0,0,0,0,0,0,0,0,0,0,0,0,0,0,0,0,0,0,0,0,0,0,0,0,0,1.4142135623730951,1.4142135623730951,0,0,0,0,0,0,2,0,1.4142135623730951,0,0,0,0,0,4,4,0,0,0,0,0,0,0,0,0,0,0,0,0,0,0,3,0,0,0,0,0,0,0,0,0,0,0,0,0,0,0,0,0,0,0,0,0,0,0,0,0,0,0,0,0,0,0,0,0,0,0,2.449489742783178,0,0,0,0,0,0,0,0,0,0,1,0,0,0,0,0,0,0,0,0,0,0,0,0,0,0,0,0,0,0,0,0,0,0,0,0,0,0,0,0,0,0,0,0,0,0,0,0,0,0,0,0,0,0,0,0,1,1.7320508075688772,0,0,0,0,0,0,0,0,0,1,0,0,0,0,0,0,0,0,0,0,0,0,0,0,0,0,0,0,0,0,0,0,0,0,0,1.4142135623730951,0,0,0,0,0,0,0,0,0,0,0,0,0,0,0,1.4142135623730951,0,0,0,0,0,0,2,3.7416573867739413,0,0,0,0,0,0,0,0,0,0,2.23606797749979,0,0,0,0,,"2013","West","Rincon","Tres Palmas 20m","Intermediate","4","2013Tres Palmas 20m4","2013_Tres Palmas 20m","2013_Rincon","2013_West"
0,0,0,0,0,0,0,0,0,1,0,0,0,0,0,0,0,0,0,0,0,0,0,0,0,0,0,0,0,0,0,0,0,0,0,0,0,0,0,0,0,0,0,0,0,0,0,0,0,0,0,0,4.69041575982343,0,0,0,0,0,0,0,2.449489742783178,1,0,0,0,0,0,0,0,0,0,0,0,0,0,0,0,1,0,0,0,0,0,0,0,0,0,0,0,0,0,0,0,0,0,0,0,0,0,0,0,0,1,0,0,0,0,0,0,0,0,0,0,1.7320508075688772,0,0,0,0,0,0,0,0,0,0,0,0,0,0,0,0,0,0,0,0,0,0,0,0,0,0,0,0,0,0,0,0,0,0,0,0,0,0,0,0,0,0,0,0,0,0,0,0,0,0,0,0,0,0,0,0,1,0,0,0,0,0,0,0,0,0,0,0,0,0,0,0,0,0,0,0,0,0,0,0,0,0,0,0,0,0,0,0,0,0,0,0,0,1.4142135623730951,0,0,0,0,0,0,0,0,0,0,0,0,0,0,0,1,0,0,0,0,0,0,1.4142135623730951,4,0,0,0,1,0,0,0,0,0,0,3.3166247903554,0,0,0,0,,"2013","West","Rincon","Tres Palmas 20m","Intermediate","5","2013Tres Palmas 20m5","2013_Tres Palmas 20m","2013_Rincon","2013_West"
1.7320508075688772,0,0,0,0,0,0,0,0,1.4142135623730951,0,0,0,0,0,0,0,0,0,0,0,0,0,0,0,0,0,0,0,0,0,0,0,0,0,0,0,0,0,0,0,0,0,0,1,0,0,0,0,0,0,0,0,0,0,0,0,1.7320508075688772,0,0,0,0,0,0,0,0,0,0,0,0,0,0,0,1.4142135623730951,0,0,0,0,0,0,0,0,0,0,0,0,0,0,0,0,0,0,0,0,0,0,0,0,0,0,0,0,0,0,0,0,0,0,0,0,0,0,0,0,0,0,0,0,0,0,0,0,0,0,0,0,0,0,0,0,0,0,0,0,0,0,0,0,0,0,0,0,0,0,0,0,0,0,0,0,0,0,0,0,0,0,0,0,0,0,0,0,0,0,0,0,0,0,0,0,0,0,0,0,0,0,0,0,0,0,0,0,0,0,0,0,0,0,0,0,0,0,0,0,0,0,0,0,0,0,0,0,0,0,0,0,0,0,0,0,0,0,0,0,0,0,0,0,0,0,0,0,0,0,0,0,0,0,3.4641016151377544,0,0,0,0,0,0,0,0,0,0,0,0,0,2.23606797749979,0,0,0,0,,"2013","West","Rincon","Tres Palmas 5m","Very Shallow","1","2013Tres Palmas 5m1","2013_Tres Palmas 5m","2013_Rincon","2013_West"
1.4142135623730951,0,0,0,0,0,0,0,0,1,0,0,0,0,0,0,0,0,0,0,0,0,0,0,0,0,0,0,0,0,0,0,0,0,0,0,0,0,0,0,0,0,0,0,0,0,0,0,0,0,0,0,0,0,0,0,0,1,0,0,0,0,0,0,0,0,0,0,0,0,0,0,0,1.7320508075688772,0,0,0,0,0,0,0,0,0,0,0,0,0,0,0,0,0,0,0,0,0,0,0,0,0,0,0,0,0,0,0,0,0,0,0,0,0,0,0,0,0,0,0,0,0,0,0,0,0,0,0,0,0,0,0,0,0,0,0,0,0,0,0,1,0,0,0,0,0,0,0,0,0,0,0,0,0,0,0,0,0,0,0,0,1,0,0,0,0,0,0,0,0,0,0,0,0,0,0,0,0,0,0,0,0,0,0,0,0,0,0,0,0,0,0,0,0,0,0,0,0,0,0,0,0,0,0,0,0,0,0,0,0,0,0,0,0,0,0,0,0,0,0,0,0,0,0,0,0,0,0,0,0,0,2.8284271247461903,0,0,0,0,0,0,0,0,0,1.4142135623730951,0,0,0,2.8284271247461903,0,0,0,0,,"2013","West","Rincon","Tres Palmas 5m","Very Shallow","2","2013Tres Palmas 5m2","2013_Tres Palmas 5m","2013_Rincon","2013_West"
0,0,0,0,0,0,0,0,0,1.4142135623730951,0,0,0,0,0,0,0,0,0,0,0,0,0,0,0,0,0,0,0,0,0,0,0,0,0,0,0,0,0,0,1.4142135623730951,0,0,0,0,0,0,0,0,0,0,0,0,0,0,0,0,2,0,0,0,0,0,0,0,0,0,0,0,0,0,0,0,2,0,0,0,0,0,0,0,0,0,0,0,0,0,0,0,0,0,0,0,0,0,0,0,0,0,0,0,0,0,0,0,0,0,0,0,0,0,0,0,0,0,0,0,0,0,0,0,0,0,0,0,0,0,0,0,0,0,0,0,0,0,0,0,0,0,0,0,0,0,0,0,0,0,0,0,0,0,0,0,0,0,0,0,0,0,0,0,0,0,0,0,0,0,0,0,0,0,0,0,0,0,0,0,0,0,0,0,0,0,0,0,0,4.47213595499958,0,0,0,0,0,0,0,0,0,0,0,0,0,0,0,0,0,0,0,0,0,0,0,0,0,0,0,0,0,0,0,1,0,0,0,0,0,0,0,0,0,3.3166247903554,0,0,0,0,0,0,0,0,0,1.4142135623730951,0,0,0,1.7320508075688772,0,0,0,0,,"2013","West","Rincon","Tres Palmas 5m","Very Shallow","3","2013Tres Palmas 5m3","2013_Tres Palmas 5m","2013_Rincon","2013_West"
1.4142135623730951,0,0,0,0,0,0,0,0,1,0,0,0,0,0,0,0,0,0,0,0,0,0,0,0,0,0,0,0,0,0,0,0,0,0,0,0,0,0,0,0,0,0,0,0,0,0,0,0,0,0,0,0,0,0,0,0,1.7320508075688772,0,0,0,0,0,0,0,0,0,0,0,0,0,0,0,2.23606797749979,0,0,0,0,0,0,0,0,0,0,0,0,0,0,0,0,0,0,0,0,0,0,0,0,0,0,0,0,1,0,0,0,0,0,0,0,0,0,0,0,0,0,0,0,0,0,0,0,0,0,0,0,0,0,0,0,0,0,0,0,0,0,0,1,0,0,0,0,0,0,0,0,0,0,0,0,0,0,0,0,0,0,0,0,1,0,0,0,0,0,0,0,0,0,0,0,0,0,0,0,0,0,0,0,0,0,0,0,0,0,0,0,0,0,0,0,0,0,0,0,0,0,0,0,0,0,0,0,0,0,0,0,0,0,0,0,0,0,0,0,0,0,0,0,0,0,0,1,0,1,0,0,0,0,2.8284271247461903,0,0,0,0,0,0,0,0,0,1,0,0,0,2,0,0,0,0,,"2013","West","Rincon","Tres Palmas 5m","Very Shallow","4","2013Tres Palmas 5m4","2013_Tres Palmas 5m","2013_Rincon","2013_West"
0,0,0,0,0,0,0,0,0,1,0,0,0,0,0,0,0,0,0,0,0,0,0,0,0,0,0,0,0,0,0,0,0,0,0,0,0,0,0,0,1,0,0,0,0,0,0,0,0,0,0,0,0,0,0,0,0,1,0,0,0,0,0,0,0,0,0,0,0,0,0,0,0,1.4142135623730951,0,0,0,0,0,0,0,0,0,0,0,0,0,0,0,0,0,0,0,0,0,0,0,0,0,0,0,0,0,0,0,0,0,0,0,0,0,0,0,0,0,0,0,0,0,0,0,0,0,0,0,0,0,0,0,0,0,0,0,0,0,0,0,0,0,0,0,0,0,0,0,0,0,0,0,0,0,0,0,0,0,0,0,0,1.4142135623730951,0,0,0,0,0,0,0,0,0,0,0,0,0,0,0,0,0,0,0,0,0,0,0,0,0,0,0,0,0,0,0,0,0,0,0,0,0,0,0,0,0,0,0,0,0,0,0,0,0,0,0,0,0,0,0,0,0,0,0,0,0,0,0,0,0,0,0,0,0,2.8284271247461903,0,0,0,0,0,0,0,0,0,0,0,0,0,3.4641016151377544,0,0,0,0,,"2013","West","Rincon","Tres Palmas 5m","Very Shallow","5","2013Tres Palmas 5m5","2013_Tres Palmas 5m","2013_Rincon","2013_West"
0,0,0,0,0,0,0,0,0,0,0,0,0,0,0,0,0,0,0,0,0,0,0,0,0,0,0,0,0,0,0,0,0,0,0,0,0,0,0,0,0,0,0,0,0,1.7320508075688772,0,0,0,0,0,0,1.4142135623730951,0,0,0,0,0,0,0,0,0,0,0,0,0,0,0,0,0,0,0,0,0,0,0,0,1.4142135623730951,0,0,0,0,0,0,0,0,0,0,0,0,0,0,0,0,0,0,0,0,0,0,0,0,0,0,0,0,0,0,0,0,0,0,0,1.7320508075688772,0,0,0,0,0,0,0,0,0,0,0,0,0,0,0,0,0,0,0,0,0,0,0,0,0,0,0,0,0,0,0,0,0,0,0,0,0,0,0,0,0,0,0,0,0,0,0,0,0,0,0,0,0,0,0,0,0,0,0,0,0,0,0,0,0,0,0,0,0,0,0,0,0,0,0,0,0,0,0,0,0,0,0,0,0,0,0,0,0,0,0,0,0,1.7320508075688772,0,0,0,0,0,0,0,0,1,0,2.23606797749979,0,0,0,0,0,0,0,0,0,0,0,1,4,0,0,0,0,0,0,0,0,0,0,2.23606797749979,0,0,0,0,,"2015","West","Rincon","Tres Palmas 10m","Shallow","1","2015Tres Palmas 10m1","2015_Tres Palmas 10m","2015_Rincon","2015_West"
0,0,0,0,0,0,0,0,0,1,0,0,0,0,0,0,0,0,0,0,0,0,0,0,0,0,0,0,0,0,0,0,0,0,0,0,0,0,0,0,0,0,0,0,0,1,0,0,0,0,0,0,1.7320508075688772,0,0,0,0,0,0,0,0,0,0,0,0,0,0,0,0,0,0,0,0,0,0,0,0,1.4142135623730951,0,0,0,0,0,0,0,0,0,0,0,0,0,0,0,0,0,0,0,0,0,0,0,0,0,0,0,0,0,0,0,0,0,0,0,0,0,0,0,0,0,0,0,0,0,0,1.4142135623730951,0,0,0,0,0,0,0,0,0,0,0,0,0,0,0,0,0,0,0,0,0,0,0,0,0,0,0,0,0,0,0,0,0,0,0,0,0,0,0,0,0,0,0,0,0,0,0,0,0,0,0,0,0,0,0,0,0,0,0,0,0,0,0,0,0,0,0,0,0,0,0,0,0,0,0,0,0,0,0,0,0,0,3.4641016151377544,0,0,0,0,0,0,0,0,0,0,3.4641016151377544,0,0,0,0,0,0,0,0,0,0,0,1.4142135623730951,3.4641016151377544,0,0,0,0,0,0,0,0,0,0,3.1622776601683795,0,0,0,0,,"2015","West","Rincon","Tres Palmas 10m","Shallow","2","2015Tres Palmas 10m2","2015_Tres Palmas 10m","2015_Rincon","2015_West"
0,0,0,0,0,0,0,0,1.4142135623730951,1,0,0,0,0,0,0,0,0,0,0,0,0,0,0,0,0,0,0,0,0,0,0,0,0,0,0,0,0,0,0,0,0,0,0,0,1,0,0,0,0,0,0,0,0,0,0,0,0,0,0,0,0,0,0,0,0,0,0,0,0,0,0,0,0,0,0,0,0,0,0,0,1,0,0,0,0,0,0,0,0,0,0,0,0,0,0,0,0,0,0,0,0,0,0,0,0,0,0,0,0,0,0,0,2.23606797749979,0,0,0,0,0,0,0,0,0,0,0,0,0,0,0,0,0,0,0,0,0,0,0,0,0,0,0,0,0,0,0,0,0,0,0,0,0,0,0,0,0,0,0,0,0,0,0,2,0,0,0,0,0,0,0,0,0,0,0,0,0,0,0,0,0,0,0,0,0,0,0,0,0,0,0,0,0,0,0,0,0,0,0,0,0,0,0,0,0,0,0,0,0,2.6457513110645907,0,0,0,0,0,0,0,0,0,0,1.7320508075688772,0,0,0,0,0,0,0,0,0,0,0,0,4.47213595499958,0,0,0,1,0,0,0,0,0,0,3.3166247903554,0,0,0,0,,"2015","West","Rincon","Tres Palmas 10m","Shallow","3","2015Tres Palmas 10m3","2015_Tres Palmas 10m","2015_Rincon","2015_West"
0,0,0,0,0,0,0,0,0,1,0,0,0,0,0,0,0,0,0,0,0,0,0,0,0,0,0,0,0,0,0,0,0,0,0,0,0,0,0,0,0,0,0,0,0,1.4142135623730951,0,0,1,0,0,0,1.4142135623730951,0,0,0,0,0,0,0,0,0,0,0,0,0,0,0,0,0,0,0,0,0,0,0,0,1,0,0,0,0,0,0,0,0,0,0,0,0,0,0,0,0,0,0,0,0,0,0,0,0,0,0,0,0,0,0,0,0,0,0,0,2.6457513110645907,0,0,0,0,0,0,0,0,0,0,0,0,0,0,0,0,0,0,0,0,0,0,0,0,0,0,0,0,0,0,0,0,0,0,0,0,0,0,0,0,0,0,0,0,0,0,0,0,0,0,0,0,0,0,0,0,0,0,0,0,0,0,0,0,0,0,0,0,0,0,0,0,0,0,0,0,0,0,0,0,0,0,0,0,0,0,0,0,0,0,0,0,0,3.3166247903554,0,0,0,0,0,0,0,0,1,0,3.1622776601683795,0,0,0,0,0,0,0,0,0,0,0,0,4.69041575982343,0,0,0,0,0,0,0,0,0,0,7.745966692414834,0,0,0,0,,"2015","West","Rincon","Tres Palmas 10m","Shallow","4","2015Tres Palmas 10m4","2015_Tres Palmas 10m","2015_Rincon","2015_West"
0,0,0,0,0,0,0,0,1,0,0,0,0,0,1,0,0,0,0,0,0,0,0,0,0,0,0,0,0,0,0,0,0,0,0,0,0,0,0,0,0,0,0,0,0,2.449489742783178,0,0,0,0,0,0,1.4142135623730951,0,0,0,0,0,0,0,0,0,0,0,0,0,0,0,0,0,0,0,0,0,0,0,0,1,0,0,0,0,0,0,0,0,0,0,0,0,0,0,0,0,0,0,0,0,0,0,0,0,0,0,0,0,0,0,0,0,0,0,0,1.4142135623730951,0,0,0,0,0,0,0,0,0,0,0,0,0,0,0,0,0,0,0,0,0,0,0,0,0,0,0,0,0,0,0,0,0,0,0,0,0,0,0,0,0,0,0,0,1,0,0,0,0,0,0,0,0,0,0,0,0,0,0,0,0,0,0,0,0,0,0,0,0,0,0,0,0,0,0,0,0,0,0,0,0,0,0,0,0,0,0,0,0,0,0,0,0,2,0,0,0,0,0,0,0,0,1,0,1.4142135623730951,0,0,0,0,0,0,0,0,0,0,0,1,4.795831523312719,0,0,0,0,0,0,0,0,0,0,1.4142135623730951,0,0,0,0,,"2015","West","Rincon","Tres Palmas 10m","Shallow","5","2015Tres Palmas 10m5","2015_Tres Palmas 10m","2015_Rincon","2015_West"
0,0,0,0,0,0,0,0,0,1,0,0,0,0,1,0,0,0,0,0,0,0,0,0,0,0,0,0,0,0,0,0,0,0,0,0,1,0,0,0,0,0,0,0,1,0,0,0,1,0,0,0,5.830951894845301,0,0,0,5.5677643628300215,0,0,0,3.872983346207417,5.830951894845301,0,0,0,0,0,0,0,0,0,0,0,0,0,0,0,0,0,0,0,0,0,0,0,0,0,0,0,0,0,0,0,0,0,0,0,0,0,0,0,0,3,0,0,0,0,0,0,0,0,0,0,1,1,0,0,0,0,0,0,0,0,0,0,0,0,0,0,0,0,0,0,1,0,1,0,0,0,0,0,0,0,0,0,0,0,0,0,0,0,0,0,0,0,0,0,0,0,0,0,3.605551275463989,0,0,0,0,0,0,0,0,0,1.4142135623730951,0,0,0,0,0,0,0,0,0,0,0,0,0,0,0,0,0,0,0,0,0,0,0,0,0,0,0,0,0,0,0,0,0,0,0,0,0,0,0,0,0,0,0,0,0,0,1.4142135623730951,0,0,0,0,1.4142135623730951,0,0,0,0,0,0,1.7320508075688772,4.69041575982343,0,0,0,1,0,0,0,0,0,0,4.795831523312719,0,0,0,0,,"2015","West","Rincon","Tres Palmas 20m","Intermediate","1","2015Tres Palmas 20m1","2015_Tres Palmas 20m","2015_Rincon","2015_West"
0,0,0,0,0,0,0,0,0,1,1,0,0,0,0,1,0,0,0,0,0,0,0,0,0,0,0,0,0,0,0,0,0,0,0,0,0,0,0,0,0,0,0,0,1,0,0,0,1.4142135623730951,0,0,0,5.291502622129181,0,0,0,0,0,0,0,3.4641016151377544,5.385164807134504,0,0,0,0,0,0,0,0,0,0,0,0,0,0,0,1.7320508075688772,0,0,0,0,0,0,0,0,0,0,0,0,0,0,0,0,0,0,0,0,0,0,0,0,0,0,0,0,0,0,0,0,0,0,0,1.7320508075688772,0,0,0,0,0,0,0,0,0,0,0,0,0,0,0,0,0,0,0,0,0,0,0,0,0,0,0,0,0,0,0,0,0,0,0,0,0,0,0,0,0,0,0,0,1,0,0,0,0,0,0,0,0,0,0,0,0,0,0,0,0,0,0,0,0,0,0,0,0,0,0,0,0,0,0,0,0,0,0,0,0,0,0,0,0,0,0,0,0,0,0,0,0,1,0,0,0,0,0,0,0,0,0,0,0,0,0,0,0,0,0,0,0,0,0,0,2.23606797749979,3.4641016151377544,0,0,0,0,0,0,0,0,0,0,2.23606797749979,0,0,0,0,,"2015","West","Rincon","Tres Palmas 20m","Intermediate","2","2015Tres Palmas 20m2","2015_Tres Palmas 20m","2015_Rincon","2015_West"
0,0,0,0,0,0,0,0,0,0,0,0,0,0,0,1.4142135623730951,0,0,0,0,0,0,0,0,0,0,0,0,0,0,0,0,0,0,0,0,0,0,0,0,0,0,0,0,0,0,0,0,1,0,0,0,4.58257569495584,0,2.23606797749979,0,4.795831523312719,0,0,0,5.744562646538029,0,0,0,0,0,0,0,14.142135623730951,0,0,0,0,0,0,0,0,2.6457513110645907,0,0,0,0,0,0,0,0,0,0,0,0,0,0,0,0,0,0,0,0,0,0,0,0,1,0,0,0,0,0,0,0,0,0,0,0,0,0,0,0,0,0,0,0,0,0,1,0,0,0,0,0,0,0,0,0,0,0,0,0,0,0,0,0,0,0,0,0,0,0,0,0,0,0,0,0,0,0,0,0,0,0,0,0,0,0,0,0,0,0,0,0,1.7320508075688772,1,0,0,0,0,0,0,0,0,0,0,0,0,0,0,0,0,0,0,0,0,0,0,0,0,0,0,0,0,0,0,0,0,0,0,0,1,0,0,0,0,0,0,0,0,0,0,2.449489742783178,0,0,0,0,0,0,0,0,0,0,0,1.4142135623730951,5.385164807134504,0,0,0,0,0,0,0,0,0,0,4.242640687119285,0,0,0,0,,"2015","West","Rincon","Tres Palmas 20m","Intermediate","3","2015Tres Palmas 20m3","2015_Tres Palmas 20m","2015_Rincon","2015_West"
0,0,0,0,0,0,0,0,0,0,0,0,0,0,0,0,0,0,0,0,0,0,0,0,0,0,0,0,0,0,0,0,0,0,0,0,1,0,0,0,0,0,0,0,1.4142135623730951,0,0,0,1.4142135623730951,0,0,0,5,0,0,0,5.916079783099616,0,0,0,4.123105625617661,8.48528137423857,0,0,0,0,0,0,0,0,0,0,0,0,0,0,0,2,0,0,0,0,0,0,0,0,0,0,0,0,0,0,0,0,0,0,0,0,0,0,0,0,0,0,0,0,0,0,0,0,0,0,0,1,0,0,0,0,0,0,0,0,0,0,1,0,0,0,0,0,0,0,0,0,0,0,0,0,0,0,0,0,0,0,0,0,0,0,0,0,0,0,0,0,0,0,0,1.7320508075688772,0,0,0,0,0,0,0,0,0,0,0,0,2,1.4142135623730951,0,0,0,0,0,0,0,0,0,0,0,0,0,0,0,0,0,0,0,0,0,0,0,0,0,0,0,0,0,0,0,0,0,0,0,3.1622776601683795,0,0,0,0,0,0,0,0,0,0,1,0,0,0,0,0,0,0,0,0,0,0,1.7320508075688772,5.385164807134504,0,0,0,0,0,0,0,0,0,0,3.3166247903554,0,0,0,0,,"2015","West","Rincon","Tres Palmas 20m","Intermediate","4","2015Tres Palmas 20m4","2015_Tres Palmas 20m","2015_Rincon","2015_West"
0,0,0,0,0,0,0,0,0,1.4142135623730951,0,0,0,0,0,1,0,0,0,0,0,0,0,0,0,0,0,0,0,0,0,0,0,0,1,0,0,0,0,0,0,0,0,0,1,0,0,0,0,0,0,0,5.916079783099616,0,0,0,7.416198487095663,0,0,0,4.898979485566356,1.4142135623730951,0,0,0,0,0,0,0,0,0,0,0,0,0,0,0,2,0,0,0,0,0,0,0,0,0,0,0,0,0,0,0,0,0,0,0,0,0,0,0,0,0,0,0,0,0,0,0,0,0,0,0,2,0,0,0,0,0,0,0,0,0,0,0,0,0,0,0,0,0,0,0,0,0,1,0,0,0,0,0,0,0,0,0,0,0,0,0,0,0,0,0,0,0,0,0,0,0,0,0,0,0,0,0,0,0,0,0,0,0,0,0,0,0,0,0,0,0,0,0,0,0,0,0,0,0,0,0,0,0,1,0,0,0,0,0,0,0,0,0,0,0,0,0,0,0,1.7320508075688772,0,0,0,0,0,0,0,0,1.4142135623730951,0,2.23606797749979,0,0,0,0,0,0,0,0,0,0,0,1.7320508075688772,5.0990195135927845,0,0,0,0,0,0,0,0,0,0,4.69041575982343,0,0,0,0,,"2015","West","Rincon","Tres Palmas 20m","Intermediate","5","2015Tres Palmas 20m5","2015_Tres Palmas 20m","2015_Rincon","2015_West"
0,0,0,0,0,0,0,0,0,2,2,0,0,0,0,0,0,0,0,0,0,0,0,1,0,0,1.4142135623730951,0,0,0,0,0,1,0,1,0,0,0,0,0,0,0,0,0,0,0,0,0,1.4142135623730951,0,0,0,0,0,0,0,0,1.7320508075688772,0,0,0,0,0,0,0,0,0,0,0,0,0,0,0,1.4142135623730951,0,0,0,0,0,0,0,0,0,0,0,0,0,0,0,0,0,0,0,0,0,0,0,0,0,2.23606797749979,0,0,2.23606797749979,0,0,0,0,0,0,0,0,0,0,0,3,0,0,0,0,0,0,0,0,0,0,0,0,0,0,0,0,0,0,0,0,0,0,0,0,0,0,0,0,0,0,0,0,0,0,0,0,0,0,0,0,0,0,0,1.7320508075688772,0,0,1.7320508075688772,0,0,0,0,0,0,0,0,0,0,0,0,0,0,0,0,0,0,0,0,0,0,0,0,0,0,0,0,0,0,0,0,0,0,0,0,0,0,0,0,0,0,0,0,0,0,0,0,0,0,0,0,0,0,0,0,0,0,0,1,0,2.23606797749979,0,0,0,0,2,0,0,1.4142135623730951,0,0,0,0,0,0,0,0,0,0,5,0,0,0,0,,"2015","West","Rincon","Tres Palmas 5m","Very Shallow","1","2015Tres Palmas 5m1","2015_Tres Palmas 5m","2015_Rincon","2015_West"
0,0,0,0,0,0,0,0,0,7.211102550927978,0,0,0,0,0,0,0,0,0,0,0,0,0,1,0,0,0,0,0,0,0,0,0,0,1,0,0,0,0,0,0,0,0,0,0,0,0,0,0,0,0,0,0,0,0,0,0,1,0,0,0,0,0,0,0,0,0,0,0,0,0,0,0,1.7320508075688772,0,0,0,0,0,0,0,0,0,0,0,0,0,0,0,0,0,0,0,0,0,0,0,0,0,2.449489742783178,0,0,2.6457513110645907,0,0,0,0,0,0,0,0,0,0,0,2.449489742783178,0,0,0,0,0,0,0,0,0,0,0,0,0,0,0,0,0,0,0,0,0,0,0,0,0,0,0,0,0,0,0,0,0,0,0,0,0,0,0,0,0,0,0,2.8284271247461903,0,0,0,0,0,0,0,0,0,0,0,0,0,0,0,0,1,0,0,0,0,0,0,0,0,0,0,0,0,0,0,0,0,0,0,0,0,0,0,0,0,0,0,0,0,0,0,0,0,0,0,0,0,0,0,0,0,0,0,0,0,0,2.8284271247461903,0,2.23606797749979,0,0,0,0,3.4641016151377544,0,0,0,0,0,0,0,0,0,1.4142135623730951,0,0,0,5.477225575051661,0,0,0,0,,"2015","West","Rincon","Tres Palmas 5m","Very Shallow","2","2015Tres Palmas 5m2","2015_Tres Palmas 5m","2015_Rincon","2015_West"
0,0,0,0,0,0,0,0,0,1.4142135623730951,0,0,0,0,0,0,0,0,0,0,0,0,0,1,0,0,0,0,0,0,0,0,0,0,0,0,0,0,0,0,0,0,0,0,0,0,0,0,0,0,0,0,0,0,0,0,0,2,0,0,0,0,0,0,0,0,0,0,0,0,0,0,0,2,0,0,0,0,0,0,0,0,0,0,0,0,0,0,0,0,0,0,0,0,0,0,0,0,0,0,0,0,0,0,0,0,0,0,0,0,0,0,0,0,0,0,0,0,0,0,0,0,0,0,0,0,0,0,0,0,0,0,0,0,0,0,0,0,0,0,0,0,0,0,0,0,0,0,0,0,0,0,0,0,0,0,0,0,2.8284271247461903,0,0,0,0,0,0,0,0,0,0,0,0,0,0,0,0,0,0,0,0,0,0,0,0,0,0,0,0,0,0,0,0,0,0,0,0,0,0,0,0,0,0,0,0,0,0,0,0,0,0,0,0,0,0,0,0,0,0,0,0,0,0,0,0,0,0,0,0,0,3.4641016151377544,0,0,0,0,0,0,0,0,0,1.4142135623730951,0,0,0,4.795831523312719,0,0,0,0,,"2015","West","Rincon","Tres Palmas 5m","Very Shallow","3","2015Tres Palmas 5m3","2015_Tres Palmas 5m","2015_Rincon","2015_West"
0,0,0,0,0,0,0,0,0,4.47213595499958,1.7320508075688772,0,0,0,0,0,0,0,0,0,0,0,0,0,0,0,0,0,0,0,0,0,0,0,0,0,0,0,0,0,0,0,0,0,0,0,0,0,0,0,0,0,0,0,0,0,0,1.7320508075688772,0,0,0,0,0,0,0,0,0,0,0,0,0,0,0,2.23606797749979,0,0,0,0,0,0,0,0,0,0,0,0,0,0,0,0,0,0,0,0,0,0,0,0,0,0,0,0,0,0,2.449489742783178,0,0,0,0,0,0,0,0,0,2.23606797749979,0,0,0,0,0,0,0,0,0,0,0,0,0,0,0,0,0,0,0,0,0,0,0,0,0,0,0,0,0,0,0,0,0,0,0,0,0,0,0,0,0,0,0,2.23606797749979,0,0,0,0,0,0,0,0,0,0,0,0,0,0,0,0,1,0,0,0,0,0,0,0,0,0,0,0,0,0,0,0,0,0,0,0,0,0,0,0,0,0,0,0,0,0,0,0,0,0,0,0,0,0,0,0,0,0,0,0,0,0,0,0,1.7320508075688772,0,0,0,0,2.23606797749979,0,0,0,0,0,0,0,0,0,1,0,0,0,5,0,0,0,0,,"2015","West","Rincon","Tres Palmas 5m","Very Shallow","4","2015Tres Palmas 5m4","2015_Tres Palmas 5m","2015_Rincon","2015_West"
2.6457513110645907,0,0,0,0,0,0,0,0,2,2,0,0,0,0,0,0,0,0,0,0,0,0,0,0,0,0,0,0,0,0,0,0,0,0,0,0,0,0,0,0,0,0,0,0,0,0,0,0,0,0,1.4142135623730951,0,0,0,0,0,1,0,0,0,0,0,0,0,0,0,0,0,0,0,0,0,1.4142135623730951,0,0,0,0,0,0,0,0,0,0,0,0,0,0,0,0,0,0,0,0,0,0,0,0,0,0,0,0,0,0,0,0,0,0,0,0,0,0,0,0,0,0,0,0,0,0,0,0,0,0,0,0,0,0,0,0,0,0,0,0,0,0,0,0,0,0,0,0,0,0,0,0,0,0,0,0,0,0,0,0,0,0,0,0,2.6457513110645907,0,0,0,0,0,0,0,0,0,0,0,0,1,0,0,0,0,0,0,0,0,0,0,0,0,0,0,0,0,0,0,0,0,0,0,0,0,0,0,0,0,0,0,0,0,0,0,0,0,0,0,0,0,0,0,0,0,0,0,0,0,0,0,0,0,0,0,0,0,2.8284271247461903,0,0,0,0,0,0,0,0,0,0,0,0,0,2.6457513110645907,0,0,0,0,,"2015","West","Rincon","Tres Palmas 5m","Very Shallow","5","2015Tres Palmas 5m5","2015_Tres Palmas 5m","2015_Rincon","2015_West"
0,0,0,0,0,0,0,0,0,0,1.7320508075688772,0,0,0,0,1,0,0,0,0,0,0,0,0,0,0,0,0,0,0,0,0,0,0,0,0,0,0,0,0,0,0,0,0,0,1.4142135623730951,0,0,1.4142135623730951,0,0,0,0,0,0,0,0,0,0,0,0,0,0,0,0,0,0,0,0,0,0,0,0,0,0,0,0,0,0,0,0,0,0,0,0,0,0,0,0,0,0,0,0,0,0,0,0,0,0,0,0,0,0,0,0,0,0,0,0,0,0,0,0,1.7320508075688772,1,0,0,0,0,0,0,0,0,0,0,0,0,0,0,0,0,0,0,0,0,0,0,0,0,0,0,0,0,0,0,0,0,0,0,0,0,0,0,0,0,0,0,0,0,0,0,0,0,0,0,0,0,0,0,0,0,0,0,0,0,0,0,0,0,0,0,0,0,0,0,0,0,0,0,0,0,0,0,0,0,0,0,0,0,0,0,0,0,0,0,0,0,0,0,0,0,0,0,0,0,0,1,0,1.4142135623730951,0,0,0,0,0,0,0,0,0,0,0,1,2.8284271247461903,0,0,0,0,0,0,0,0,0,0,2.23606797749979,0,0,0,0,,"2017","West","Rincon","Tres Palmas 10m","Shallow","1","2017Tres Palmas 10m1","2017_Tres Palmas 10m","2017_Rincon","2017_West"
0,0,0,0,0,0,0,0,0,0,1.7320508075688772,0,0,0,0,0,0,0,0,0,0,0,0,0,0,0,0,0,0,0,0,0,0,0,0,0,0,0,0,0,0,0,0,0,0,1.4142135623730951,0,0,0,0,0,0,2.6457513110645907,0,0,0,3.7416573867739413,0,0,0,0,0,1,0,0,0,0,0,0,0,0,0,0,0,0,0,0,1.4142135623730951,0,0,0,0,0,0,0,0,0,0,0,0,0,0,0,0,0,0,0,0,0,0,0,0,0,0,0,0,0,0,0,0,0,0,0,2.449489742783178,0,0,0,0,0,0,0,0,0,0,1,0,0,0,0,0,0,0,0,0,0,0,0,0,0,0,0,0,0,0,0,0,0,0,0,0,0,0,0,0,0,0,0,0,0,0,0,0,0,0,0,0,0,0,0,0,0,0,0,0,0,0,0,0,0,0,0,0,0,0,0,0,0,0,0,0,0,0,0,0,0,0,0,0,0,0,0,0,0,0,0,0,0,0,0,0,0,0,0,0,0,0,1,0,1,0,0,0,0,0,0,0,0,0,0,0,1.7320508075688772,2.449489742783178,0,0,0,0,0,0,0,0,0,0,2.449489742783178,0,0,0,0,,"2017","West","Rincon","Tres Palmas 10m","Shallow","2","2017Tres Palmas 10m2","2017_Tres Palmas 10m","2017_Rincon","2017_West"
0,0,0,0,0,0,0,0,0,0,1.4142135623730951,0,0,0,1,1,0,0,0,0,0,0,0,0,0,0,0,0,0,0,0,0,0,0,0,0,0,0,0,0,0,0,0,0,0,1.7320508075688772,0,0,0,0,0,0,1.4142135623730951,0,0,0,0,0,0,0,0,0,0,0,0,0,0,0,0,0,0,0,0,0,0,0,0,0,0,0,0,0,0,0,0,0,0,0,0,0,0,0,0,0,0,0,0,0,0,0,0,0,0,0,0,0,0,0,0,0,0,0,0,1,0,0,0,0,0,0,0,0,0,0,1,0,0,0,0,0,0,0,0,0,0,0,0,0,0,0,0,0,0,0,0,0,0,0,0,0,0,0,0,0,0,0,0,0,1,0,0,0,0,0,0,0,0,0,0,0,0,0,0,0,0,0,0,0,0,0,0,0,0,0,0,0,0,0,0,0,0,0,0,0,0,0,0,0,0,0,0,0,0,0,0,0,0,1,0,0,0,0,0,0,0,0,0,0,1,0,0,0,0,0,0,0,0,0,0,0,1.7320508075688772,4.123105625617661,0,0,0,0,0,0,0,0,0,0,3.7416573867739413,0,0,0,0,,"2017","West","Rincon","Tres Palmas 10m","Shallow","3","2017Tres Palmas 10m3","2017_Tres Palmas 10m","2017_Rincon","2017_West"
0,0,0,0,0,0,0,0,0,0,1.4142135623730951,0,0,0,0,0,0,0,0,0,0,0,0,0,0,0,0,0,0,0,0,0,0,0,0,0,0,0,0,0,0,0,0,0,0,1.7320508075688772,0,0,1.4142135623730951,0,0,0,1.4142135623730951,0,0,0,0,0,0,0,0,0,1,0,0,0,0,0,0,0,0,0,0,0,0,0,0,1,0,0,0,1,0,0,0,0,0,0,0,0,0,0,0,0,0,0,0,0,0,0,0,0,0,0,0,0,0,0,0,0,0,0,0,0,0,0,0,0,0,0,0,0,0,0,0,0,0,0,0,0,0,0,0,1,0,1,0,0,0,0,0,0,0,0,0,0,0,0,0,0,0,0,0,0,0,0,0,0,0,0,0,0,0,0,0,0,0,0,0,0,0,0,0,0,0,0,0,0,0,0,0,0,0,0,0,0,0,0,0,0,0,0,0,0,0,0,0,0,0,0,0,0,0,0,0,1,0,1,0,0,0,0,0,0,0,0,1,0,1,0,0,0,0,0,0,0,0,0,0,0,1.4142135623730951,3.3166247903554,0,0,0,0,0,0,0,0,0,0,2.449489742783178,0,0,0,0,,"2017","West","Rincon","Tres Palmas 10m","Shallow","4","2017Tres Palmas 10m4","2017_Tres Palmas 10m","2017_Rincon","2017_West"
0,0,0,0,0,0,0,0,0,0,1.4142135623730951,0,0,0,0,0,0,0,0,0,0,0,0,0,0,0,0,0,0,0,0,0,0,0,0,0,0,0,0,0,0,0,0,0,0,0,0,0,0,0,0,0,1,0,1,0,0,0,0,0,0,0,0,0,0,0,0,0,0,0,0,0,0,0,0,0,0,1,0,0,0,0,0,0,0,0,0,0,0,0,0,0,0,0,0,0,0,0,0,0,0,0,0,0,0,0,0,0,0,0,0,0,0,1.7320508075688772,1.4142135623730951,0,0,0,0,0,0,0,0,0,1,0,0,0,0,0,0,0,0,0,0,0,0,0,0,0,0,0,0,0,0,0,0,0,0,0,0,0,0,0,0,0,0,0,0,0,0,0,0,0,0,0,0,0,0,0,0,0,0,0,0,0,0,0,0,0,0,0,0,0,0,0,0,0,0,0,0,0,0,0,0,0,0,0,0,0,0,0,0,0,0,2,0,2,0,0,0,0,0,0,0,0,0,0,1.7320508075688772,0,0,0,0,0,0,0,0,0,0,0,1.4142135623730951,4.69041575982343,0,0,0,0,0,0,0,0,0,0,5.916079783099616,0,0,0,0,,"2017","West","Rincon","Tres Palmas 10m","Shallow","5","2017Tres Palmas 10m5","2017_Tres Palmas 10m","2017_Rincon","2017_West"
0,0,0,0,0,0,0,0,0,0,1,0,0,0,0,1,0,0,0,0,0,0,0,0,0,0,0,0,0,0,0,0,0,0,1,0,0,0,0,0,0,0,0,0,1,0,0,0,1.4142135623730951,0,0,0,0,0,0,0,0,0,0,0,0,0,0,0,0,0,0,0,0,0,0,0,0,0,0,0,0,1.4142135623730951,0,0,0,0,0,0,0,0,0,0,0,0,0,0,0,0,0,0,0,0,0,0,0,0,1,0,0,0,0,0,0,0,0,0,0,2.449489742783178,0,0,0,0,0,0,0,0,0,0,1,0,0,0,1,0,0,0,0,0,0,0,0,0,0,0,0,0,1,0,0,0,0,0,0,0,0,0,0,0,0,0,0,1,0,0,0,0,0,0,0,0,0,0,0,0,0,0,0,0,0,0,0,0,0,0,0,0,0,0,0,0,0,0,0,0,0,0,0,0,0,0,0,0,0,0,0,0,0,0,0,0,0,1,0,0,0,0,0,0,0,0,1,0,1,0,0,0,0,0,0,0,0,0,0,0,2.6457513110645907,3.872983346207417,0,0,0,0,0,0,0,0,0,0,3,0,0,0,0,,"2017","West","Rincon","Tres Palmas 20m","Intermediate","1","2017Tres Palmas 20m1","2017_Tres Palmas 20m","2017_Rincon","2017_West"
0,0,0,0,0,0,0,0,0,1,1,0,0,0,0,0,0,0,0,0,0,0,0,0,0,0,1,0,0,0,0,0,0,0,1,0,0,0,0,0,0,0,0,0,1.4142135623730951,0,0,0,1.4142135623730951,0,0,0,8.12403840463596,2.23606797749979,0,0,5,0,0,0,1,3.3166247903554,1,0,0,0,0,0,0,0,0,0,0,0,0,0,0,2.6457513110645907,0,0,0,0,0,0,0,0,0,0,0,0,0,0,0,0,0,0,0,0,0,0,0,3.3166247903554,3.3166247903554,0,0,0,0,0,0,0,0,0,0,1.4142135623730951,0,0,0,0,0,0,0,1,0,0,0,0,0,0,0,0,0,0,0,1,1,0,0,0,0,0,0,0,0,0,0,0,0,0,0,0,0,0,0,0,0,0,0,0,0,0,0,0,0,0,0,0,0,0,0,0,0,0,0,1,0,0,0,0,0,0,0,0,0,0,0,0,0,0,0,0,0,0,0,0,0,0,0,0,1.4142135623730951,0,0,0,0,0,0,1,0,0,0,0,0,0,0,0,0,0,1,0,0,0,0,0,0,0,0,0,0,0,0,0,1.7320508075688772,4.123105625617661,0,0,1.7320508075688772,0,0,0,0,0,0,0,2.449489742783178,0,0,0,0,,"2017","West","Rincon","Tres Palmas 20m","Intermediate","2","2017Tres Palmas 20m2","2017_Tres Palmas 20m","2017_Rincon","2017_West"
0,0,0,0,0,0,0,0,0,0,0,0,0,0,0,1,0,0,0,0,0,0,0,1,0,0,0,0,0,0,0,0,0,0,1,0,0,0,0,0,0,0,0,0,1,0,0,0,0,0,0,0,3.1622776601683795,0,0,0,6.324555320336759,0,0,0,0,0,0,0,0,0,0,0,0,0,0,0,0,0,0,0,0,2,0,0,0,0,0,0,0,0,0,0,0,0,0,0,0,0,0,0,0,0,0,0,0,1,1,0,0,0,0,0,0,0,0,0,0,1.4142135623730951,0,0,0,0,0,0,0,0,0,0,0,0,0,0,0,0,0,0,0,1,0,0,0,0,0,0,0,0,0,0,0,0,0,0,0,0,0,0,0,0,0,0,0,1,0,0,0,0,0,0,0,0,0,0,0,0,2,0,0,0,0,0,0,0,0,0,0,0,0,0,0,0,0,0,0,0,0,0,0,0,0,0,0,0,0,0,0,0,0,0,0,0,0,2.23606797749979,0,0,0,0,0,0,0,0,0,0,1.4142135623730951,0,0,0,0,0,0,0,0,0,0,0,1.4142135623730951,1.7320508075688772,0,0,0,0,0,0,0,0,0,0,0,0,0,0,0,,"2017","West","Rincon","Tres Palmas 20m","Intermediate","3","2017Tres Palmas 20m3","2017_Tres Palmas 20m","2017_Rincon","2017_West"
0,0,0,0,0,0,0,0,0,0,1,0,0,0,0,0,0,0,0,0,0,0,0,0,0,0,0,0,0,0,0,0,0,0,1,0,0,0,0,0,0,0,0,0,1,0,0,0,1,0,0,0,3.3166247903554,0,0,0,0,0,0,0,0,0,0,0,0,0,0,0,0,0,0,0,0,0,0,0,0,2,0,0,0,0,0,0,0,0,0,0,0,0,0,0,0,0,0,0,0,0,0,0,0,1,1,0,0,0,0,0,0,0,0,0,0,1.4142135623730951,0,0,0,0,0,0,0,1,0,0,0,0,0,0,0,0,0,0,0,0,0,0,0,0,0,0,0,0,0,0,0,0,0,0,0,0,0,0,0,0,0,0,0,0,0,0,0,0,0,0,0,0,0,0,0,0,1.4142135623730951,0,0,0,0,0,0,0,0,0,0,0,0,0,0,0,0,0,0,0,0,0,0,0,0,0,0,0,0,0,0,0,0,0,0,0,0,0,0,0,0,0,0,0,0,0,0,0,0,0,0,0,0,0,0,0,0,0,0,0,1.7320508075688772,4.123105625617661,0,0,0,1,0,0,0,0,0,0,2.449489742783178,0,0,0,0,,"2017","West","Rincon","Tres Palmas 20m","Intermediate","4","2017Tres Palmas 20m4","2017_Tres Palmas 20m","2017_Rincon","2017_West"
0,0,0,0,0,0,0,0,0,0,1,0,0,0,1,0,0,1,0,0,0,0,0,0,0,0,0,0,0,0,0,0,0,0,1,0,0,0,0,0,1,0,0,0,1,0,0,0,0,0,0,0,4.58257569495584,0,0,0,0,0,0,0,1,0,1,0,0,0,0,1,0,0,0,0,0,0,0,0,0,1.7320508075688772,0,0,0,0,0,0,0,0,0,0,0,0,0,0,0,0,0,0,0,0,0,0,0,0,0,0,0,0,0,0,0,0,0,0,0,1.4142135623730951,0,0,0,0,0,0,0,0,0,0,1,0,0,0,0,0,0,0,0,0,0,0,0,0,0,0,0,0,0,0,0,0,0,0,0,0,0,0,0,0,0,0,0,0,0,0,0,0,0,0,0,0,0,0,0,0,0,0,0,0,0,0,0,0,0,0,0,0,0,0,0,0,0,0,0,0,0,0,0,0,0,0,0,0,0,0,0,0,0,0,0,0,0,0,0,0,0,0,0,0,0,0,0,0,1,0,0,0,0,0,0,0,0,0,0,0,1.4142135623730951,3.3166247903554,0,0,0,0,0,0,0,0,0,0,0,0,0,0,0,,"2017","West","Rincon","Tres Palmas 20m","Intermediate","5","2017Tres Palmas 20m5","2017_Tres Palmas 20m","2017_Rincon","2017_West"
0,0,0,0,0,0,0,0,0,1.7320508075688772,0,0,0,0,0,0,0,0,0,0,0,0,0,0,0,0,1.4142135623730951,0,0,0,0,0,0,0,0,0,0,0,0,0,0,0,0,0,0,0,0,0,0,0,0,0,0,0,0,0,0,0,0,0,0,0,0,0,0,0,0,0,0,0,0,0,0,1,0,0,0,0,0,0,0,0,0,0,0,0,0,0,0,0,0,0,0,0,0,0,0,0,0,0,0,3.3166247903554,3.3166247903554,0,0,0,1,0,0,0,0,1,0,0,1,0,1,0,0,0,0,0,0,0,0,0,0,0,0,0,0,0,0,0,0,0,0,0,0,0,0,0,1,0,0,0,0,0,0,0,0,0,0,0,0,0,0,0,1.4142135623730951,0,0,0,0,0,0,0,0,0,0,0,0,0,0,0,0,0,0,0,0,0,0,0,0,0,0,0,0,0,0,0,0,0,0,0,0,0,0,0,0,0,0,0,0,0,0,0,0,0,0,0,0,0,0,0,0,0,0,0,0,0,0,0,0,0,0,0,0,0,2.8284271247461903,0,0,0,0,0,0,0,0,0,0,0,0,0,4.242640687119285,0,0,0,0,,"2017","West","Rincon","Tres Palmas 5m","Very Shallow","1","2017Tres Palmas 5m1","2017_Tres Palmas 5m","2017_Rincon","2017_West"
1,0,0,0,0,0,0,0,0,1,0,0,0,0,0,0,0,1.4142135623730951,0,0,0,0,0,0,0,0,0,0,0,0,0,0,0,0,0,0,0,0,0,0,0,0,0,0,0,0,0,0,0,0,0,0,0,0,0,0,0,0,0,0,0,0,0,0,0,0,0,0,0,0,0,0,0,0,0,0,0,0,0,0,0,0,0,0,0,0,0,0,0,0,0,0,0,0,0,0,0,0,0,0,0,0,0,0,0,0,0,0,0,0,0,1,0,0,1.4142135623730951,0,1,0,0,0,0,0,0,0,0,0,0,0,0,0,0,0,0,0,0,0,0,0,0,0,0,0,0,0,0,0,0,0,0,0,0,0,0,0,0,0,0,0,2,0,0,0,0,0,0,0,0,0,0,0,0,0,0,0,0,0,0,0,0,0,0,1,0,0,0,0,0,0,0,0,0,0,0,0,0,0,0,0,0,0,0,0,0,0,0,0,0,0,0,0,0,0,0,0,0,0,0,0,0,0,0,0,0,0,0,0,0,0,2.6457513110645907,0,0,0,0,0,0,0,0,0,0,0,0,0,4.242640687119285,0,0,0,0,,"2017","West","Rincon","Tres Palmas 5m","Very Shallow","2","2017Tres Palmas 5m2","2017_Tres Palmas 5m","2017_Rincon","2017_West"
0,0,0,0,0,0,0,0,1,1,1,0,0,0,0,0,0,0,0,0,0,0,0,0,0,0,0,0,0,0,0,0,0,0,0,0,0,0,0,0,0,0,0,0,0,0,0,0,0,0,0,0,0,0,0,0,0,0,0,0,0,0,0,0,0,0,0,0,0,0,0,0,0,0,0,0,0,0,0,0,0,0,0,0,0,0,1,0,0,0,0,0,0,0,0,0,0,0,0,0,0,0,0,0,0,0,0,0,0,0,0,1.4142135623730951,0,0,1,0,0,0,0,0,0,0,0,0,0,0,0,0,0,0,0,0,0,0,0,0,0,1,0,0,0,0,0,0,0,0,0,0,0,0,0,0,0,0,0,0,0,0,1,0,0,0,0,0,0,0,0,0,0,0,0,0,0,0,0,0,0,0,0,0,0,0,0,0,0,0,0,1,0,0,0,0,0,0,0,0,0,0,0,0,1,0,0,0,0,0,0,0,0,0,0,0,0,0,0,0,0,0,0,0,0,0,0,0,0,0,0,0,2,0,0,0,0,0,0,0,0,0,0,0,0,0,3.1622776601683795,0,0,0,0,,"2017","West","Rincon","Tres Palmas 5m","Very Shallow","3","2017Tres Palmas 5m3","2017_Tres Palmas 5m","2017_Rincon","2017_West"
0,0,0,0,0,0,0,0,0,1.4142135623730951,2.6457513110645907,0,0,0,0,0,0,0,0,0,0,0,0,0,0,0,1,0,0,0,0,0,0,0,0,0,0,0,0,0,0,0,0,0,0,0,0,0,0,0,0,0,0,0,0,0,0,0,0,0,0,0,0,0,0,0,0,0,0,0,0,0,0,1.4142135623730951,0,0,0,0,0,0,0,0,0,0,0,0,0,0,0,0,0,0,0,0,0,0,0,0,0,0,0,0,0,0,0,0,0,0,0,0,0,1.4142135623730951,0,0,0,0,0,0,0,0,0,0,0,0,0,0,0,0,0,0,0,0,0,0,0,0,0,0,0,0,0,0,0,0,0,0,0,0,0,0,0,0,0,0,0,0,0,0,1,0,0,0,0,0,0,0,0,0,0,0,0,0,0,0,0,0,0,0,0,0,0,1,0,0,0,0,0,1.7320508075688772,0,0,0,0,0,0,0,0,0,0,0,0,0,0,0,0,0,0,0,0,0,0,0,0,0,0,0,0,0,0,0,0,0,0,0,0,0,0,0,0,2.8284271247461903,0,0,0,0,0,0,0,0,0,0,0,0,0,3.4641016151377544,0,0,0,0,,"2017","West","Rincon","Tres Palmas 5m","Very Shallow","4","2017Tres Palmas 5m4","2017_Tres Palmas 5m","2017_Rincon","2017_West"
0,0,0,0,0,0,0,0,0,0,1.4142135623730951,0,0,0,0,0,0,0,0,0,0,0,0,0,0,0,0,0,0,0,0,0,0,0,0,0,0,0,0,0,1,0,0,0,0,0,0,0,0,0,0,0,0,0,0,0,0,0,0,0,0,0,0,0,0,0,0,0,0,0,0,0,0,1.7320508075688772,0,0,0,0,0,0,0,0,0,0,0,0,0,0,0,0,0,0,0,0,0,0,0,0,0,0,0,0,0,0,0,0,0,0,0,0,0,1,0,0,0,0,0,0,0,0,0,0,0,0,0,0,0,0,0,0,0,0,0,0,0,0,0,0,0,0,0,0,0,0,0,0,0,0,0,0,0,0,0,0,0,0,0,0,0,0,0,0,0,0,0,0,0,0,0,0,0,0,0,0,0,0,0,0,0,0,0,0,0,0,0,0,0,0,1,0,0,0,0,0,0,0,0,0,0,0,1,0,0,0,0,0,0,0,0,0,0,0,0,0,0,0,0,0,0,0,0,0,0,0,0,0,0,0,2.23606797749979,0,0,0,0,0,0,0,0,0,0,0,0,0,2.23606797749979,0,0,0,0,,"2017","West","Rincon","Tres Palmas 5m","Very Shallow","5","2017Tres Palmas 5m5","2017_Tres Palmas 5m","2017_Rincon","2017_West"
0,0,0,0,0,0,0,0,0,0,1.7320508075688772,0,0,0,0,0,0,0,0,0,0,0,0,0,0,0,0,0,0,0,0,0,0,0,1,0,0,0,0,0,0,0,0,0,0,1.4142135623730951,0,0,0,0,0,0,1.7320508075688772,0,0,0,0,0,0,0,0,0,0,0,0,0,0,0,0,0,0,0,0,0,0,0,0,2.23606797749979,0,0,0,0,0,0,0,0,0,0,0,0,0,0,0,0,0,0,0,0,0,0,0,0,0,0,0,0,0,0,0,0,0,0,0,2,0,0,0,0,0,0,0,0,0,0,1,0,0,0,0,0,0,0,0,1,0,0,0,0,0,0,0,0,0,0,0,0,0,0,0,0,0,0,0,0,0,0,0,0,0,0,0,0,0,0,0,0,0,0,0,0,0,0,0,0,0,0,0,0,0,0,0,0,0,0,0,0,0,0,0,0,0,0,0,0,0,0,0,0,0,0,0,0,0,0,0,1,0,0,0,0,0,0,0,1,0,0,1,0,1.4142135623730951,0,0,0,0,0,0,0,0,0,0,0,1.4142135623730951,3.1622776601683795,0,0,0,0,0,0,0,0,0,0,3,0,0,0,0,,"2019","West","Rincon","Tres Palmas 10m","Shallow","1","2019Tres Palmas 10m1","2019_Tres Palmas 10m","2019_Rincon","2019_West"
0,0,0,0,0,0,0,0,0,0,0,0,0,0,1,0,0,0,0,0,0,0,0,0,0,0,0,0,0,0,0,0,0,0,1,0,0,0,0,0,0,0,0,0,0,1.4142135623730951,0,0,1.4142135623730951,0,0,0,2.23606797749979,0,0,0,0,0,0,0,0,0,0,0,0,0,0,0,0,0,0,0,0,0,0,0,0,1.4142135623730951,0,0,0,0,0,0,0,0,0,0,0,0,0,0,0,0,0,0,0,0,0,0,0,0,0,0,0,0,0,0,0,0,0,0,0,2.8284271247461903,0,0,1,0,0,0,0,0,0,0,0,0,0,0,0,0,0,0,0,0,0,0,0,0,0,0,0,0,0,0,0,0,0,0,0,0,0,0,0,0,0,0,0,0,0,0,0,0,0,0,0,0,0,0,0,0,0,0,0,0,0,0,0,0,0,0,0,0,0,0,0,0,0,0,0,0,0,0,0,0,0,0,0,0,0,0,0,0,0,0,0,2,0,0,0,0,0,0,0,0,0,0,1,0,1.4142135623730951,0,0,0,0,0,0,0,0,0,0,0,0,3.3166247903554,0,0,0,0,0,0,0,0,0,0,4.795831523312719,0,0,0,0,,"2019","West","Rincon","Tres Palmas 10m","Shallow","2","2019Tres Palmas 10m2","2019_Tres Palmas 10m","2019_Rincon","2019_West"
0,0,0,0,0,0,0,0,0,0,1,0,0,0,0,0,0,0,0,0,0,0,0,0,0,0,0,0,0,0,0,0,0,0,1,0,0,0,0,0,0,0,0,0,0,1.4142135623730951,0,0,0,0,0,0,0,0,1,0,0,0,0,0,0,0,0,0,0,0,0,0,0,0,0,0,0,0,0,0,0,1.7320508075688772,0,0,0,0,0,0,0,0,0,0,0,0,0,0,0,0,0,0,0,0,0,0,0,0,0,0,0,0,0,0,0,0,0,0,0,1.7320508075688772,1,0,0,0,0,0,0,0,0,0,1.4142135623730951,0,0,0,0,0,0,0,0,0,0,0,0,0,0,0,0,0,0,0,0,0,0,0,0,0,0,0,0,0,0,0,0,0,0,0,0,0,0,0,0,0,0,0,0,0,0,0,0,0,0,0,0,0,0,0,0,0,0,0,0,0,0,0,0,0,0,0,0,0,0,0,0,0,0,0,0,0,0,0,0,0,0,0,0,0,0,0,0,0,0,0,1,0,1,0,1.4142135623730951,0,0,0,0,0,0,0,0,0,0,2.6457513110645907,0,0,0,0,0,0,0,0,0,0,3.4641016151377544,0,0,0,0,,"2019","West","Rincon","Tres Palmas 10m","Shallow","3","2019Tres Palmas 10m3","2019_Tres Palmas 10m","2019_Rincon","2019_West"
0,0,0,0,0,0,0,0,0,1,0,0,0,0,1.4142135623730951,1,0,0,0,0,0,0,0,0,0,0,0,0,0,0,0,0,0,0,1,0,0,0,0,0,0,0,0,0,0,0,0,0,0,0,0,0,1.4142135623730951,0,1.7320508075688772,0,0,0,0,0,0,0,0,0,0,0,0,0,0,0,0,0,0,0,0,0,0,2,0,0,0,0,0,0,0,0,0,0,0,0,0,0,0,0,0,0,0,0,0,0,0,0,0,0,0,0,0,0,0,0,0,0,0,1.7320508075688772,0,0,0,0,0,0,0,0,0,0,1,0,0,0,0,0,0,0,0,0,0,0,0,0,0,0,0,0,0,0,0,0,0,0,0,0,0,0,0,0,0,0,0,0,0,0,0,0,0,0,0,0,0,0,0,0,0,0,0,0,0,0,0,0,0,0,0,0,0,0,0,0,0,0,0,0,0,0,0,0,0,0,0,0,0,0,0,0,0,0,0,2.23606797749979,0,0,0,0,0,0,0,0,0,0,0,0,1.4142135623730951,0,1.7320508075688772,0,0,0,0,0,0,0,0,0,0,3.605551275463989,0,0,0,0,0,0,0,0,0,0,3.7416573867739413,0,0,0,0,,"2019","West","Rincon","Tres Palmas 10m","Shallow","4","2019Tres Palmas 10m4","2019_Tres Palmas 10m","2019_Rincon","2019_West"
0,0,0,0,0,0,0,0,1.4142135623730951,1,1.4142135623730951,0,0,0,0,0,0,0,0,0,0,0,0,0,0,0,0,0,0,0,0,0,0,0,1.4142135623730951,0,0,0,0,0,0,0,0,0,0,1.4142135623730951,0,0,0,0,0,0,2,0,1,0,0,0,0,0,0,0,0,0,0,0,0,0,0,0,0,0,0,0,0,0,0,1,0,0,0,0,0,0,0,0,0,0,0,0,0,0,0,0,0,0,0,0,0,0,0,0,0,0,0,0,0,0,0,0,0,0,0,1.7320508075688772,0,0,0,0,0,0,0,0,0,0,1,0,0,0,0,0,0,0,0,0,0,0,0,0,0,0,0,0,0,0,0,0,0,0,0,0,0,0,0,0,0,0,0,0,1,0,0,0,0,0,0,0,0,0,0,0,0,0,0,0,0,0,0,0,0,0,0,0,0,0,0,0,0,0,0,0,0,0,0,0,0,0,0,0,0,0,0,0,0,0,0,0,0,0,0,0,0,0,0,0,0,0,1.4142135623730951,0,1,0,0,1,0,0,0,0,0,0,0,0,1.4142135623730951,4,0,0,0,0,0,0,0,0,0,0,7,0,0,0,0,,"2019","West","Rincon","Tres Palmas 10m","Shallow","5","2019Tres Palmas 10m5","2019_Tres Palmas 10m","2019_Rincon","2019_West"
0,0,0,0,0,0,0,0,0,1,1,0,0,0,0,0,0,0,0,0,0,0,0,0,0,0,1,0,0,0,0,0,0,0,1,0,0,0,0,0,0,0,0,0,1,0,0,0,1,0,0,0,3.872983346207417,0,0,0,3,0,0,0,3,0,0,0,0,0,0,0,0,0,0,0,0,0,0,0,0,0,0,0,0,0,0,0,0,0,0,0,0,0,0,0,0,0,0,0,0,0,0,0,0,0,1.4142135623730951,0,0,0,0,0,0,0,0,0,0,2.23606797749979,0,0,0,0,0,0,0,0,1,0,0,0,0,0,0,0,0,0,0,0,0,0,0,0,0,0,0,0,0,0,0,0,0,0,0,0,0,1.4142135623730951,0,0,0,0,0,1,0,0,0,1,0,0,0,0,0,0,0,0,0,1,0,0,0,0,0,0,0,0,0,0,0,0,0,0,0,0,0,0,0,0,0,0,0,0,0,0,1,0,0,0,0,0,0,0,0,2,0,0,0,0,0,0,0,0,1,0,1,0,0,0,0,0,0,0,0,0,0,0,1.7320508075688772,4,0,1.4142135623730951,0,0,0,0,0,0,0,0,4,0,0,0,0,,"2019","West","Rincon","Tres Palmas 20m","Intermediate","1","2019Tres Palmas 20m1","2019_Tres Palmas 20m","2019_Rincon","2019_West"
0,0,0,0,0,0,0,0,0,0,1,0,0,0,0,0,0,0,0,0,0,0,0,0,0,0,0,0,0,0,0,0,0,0,0,0,0,0,0,0,0,0,0,0,1,2,0,0,0,0,0,0,3.605551275463989,0,0,0,2.449489742783178,0,0,0,2,0,0,0,0,0,0,0,0,0,0,0,0,0,0,0,0,1.4142135623730951,0,0,0,0,0,0,0,0,0,0,0,0,0,0,0,0,0,0,0,0,0,0,0,0,1,0,0,0,0,0,0,0,0,0,0,3.3166247903554,1,0,0,0,0,0,0,0,0,0,1,0,0,0,0,0,0,0,0,0,0,0,0,0,0,0,0,0,0,0,0,0,0,0,0,0,0,0,0,0,0,0,0,0,0,0,0,0,0,0,0,0,0,0,0,0,0,0,0,0,0,0,0,0,0,0,0,0,0,0,0,0,0,0,0,0,0,0,0,0,0,0,0,0,0,0,0,0,0,0,0,0,0,0,0,0,0,0,0,0,0,0,1,0,1.7320508075688772,0,1.4142135623730951,0,0,0,0,0,0,0,0,0,1.4142135623730951,2.8284271247461903,0,0,0,0,0,0,0,0,0,0,3.605551275463989,0,0,0,0,,"2019","West","Rincon","Tres Palmas 20m","Intermediate","2","2019Tres Palmas 20m2","2019_Tres Palmas 20m","2019_Rincon","2019_West"
0,0,0,0,0,0,0,0,1,0,0,0,0,0,0,0,0,0,0,0,0,0,0,0,0,0,0,0,0,0,0,0,0,0,0,0,0,0,0,0,0,0,0,0,1,0,0,0,0,0,0,0,4.795831523312719,0,2.449489742783178,0,0,0,0,0,3.872983346207417,4.795831523312719,0,0,0,0,0,0,0,0,0,0,0,0,0,0,0,1.7320508075688772,0,0,0,0,0,0,0,0,0,0,0,0,0,0,0,0,0,0,0,0,0,0,0,0,0,0,0,0,0,0,0,0,0,0,0,1,0,0,0,0,0,0,0,0,1,0,0,0,0,0,0,0,0,0,0,0,0,0,0,0,0,0,0,0,0,0,0,0,0,0,0,0,0,0,0,0,0,0,0,0,1,0,0,1.7320508075688772,0,0,0,0,0,0,0,0,2,0,0,0,0,0,0,0,0,0,0,0,0,0,0,0,0,0,0,0,0,0,0,0,0,0,0,0,0,0,0,0,0,0,0,0,0,0,0,0,0,0,0,0,0,0,0,0,0,0,0,0,0,0,0,0,0,0,0,0,1.7320508075688772,3.7416573867739413,0,0,0,0,0,0,0,0,0,0,1.7320508075688772,0,0,0,0,,"2019","West","Rincon","Tres Palmas 20m","Intermediate","3","2019Tres Palmas 20m3","2019_Tres Palmas 20m","2019_Rincon","2019_West"
0,0,0,0,0,0,0,0,0,0,1,0,0,0,0,0,0,0,0,0,0,0,0,0,0,0,0,0,0,0,0,0,0,0,0,0,0,0,0,0,0,0,0,0,1,0,0,0,0,0,0,0,3.4641016151377544,0,0,0,0,0,0,0,2.8284271247461903,0,0,0,0,0,0,0,0,0,0,0,0,0,0,0,0,1.7320508075688772,0,0,0,0,0,0,0,0,0,0,0,0,0,0,0,0,0,0,0,0,0,0,0,0,0,0,0,0,0,0,0,0,0,0,0,2.23606797749979,2.23606797749979,0,0,0,0,0,0,0,0,0,1,0,0,0,0,0,0,0,0,0,0,1,0,0,0,0,0,0,0,0,0,0,0,0,0,0,0,0,0,0,0,0,0,0,0,0,0,0,0,0,0,0,0,0,1,0,0,0,0,0,0,0,0,0,0,0,0,0,0,0,0,0,0,0,0,0,0,0,0,0,0,0,0,0,0,0,0,0,0,0,0,1,0,1.7320508075688772,0,0,0,0,0,0,0,0,0,0,1,0,0,0,0,1.4142135623730951,0,0,0,0,0,0,0,5,0,0,0,0,0,0,0,0,0,0,6.48074069840786,0,0,0,0,,"2019","West","Rincon","Tres Palmas 20m","Intermediate","4","2019Tres Palmas 20m4","2019_Tres Palmas 20m","2019_Rincon","2019_West"
0,0,0,0,0,0,0,0,0,0,1,0,0,0,0,0,0,0,0,0,0,0,0,0,0,0,0,0,0,0,0,0,0,0,1,0,0,0,0,0,0,0,0,0,1.4142135623730951,1,0,0,0,0,0,1,3.3166247903554,0,0,0,0,0,0,0,2.6457513110645907,0,0,0,0,0,1,0,0,0,0,0,0,0,0,0,0,2,0,0,0,0,0,0,0,0,0,0,0,0,0,0,0,0,0,0,0,0,0,0,0,0,0,0,0,0,0,0,0,0,0,0,0,1.7320508075688772,1,0,0,0,0,0,0,0,0,0,1.4142135623730951,0,0,0,0,0,0,0,0,0,0,0,0,0,0,0,0,0,0,0,0,0,0,0,0,0,0,0,0,0,0,0,0,0,0,0,0,0,0,0,0,0,0,0,0,0,0,0,0,0,0,0,0,0,0,0,0,0,0,0,0,0,0,0,0,0,0,0,0,0,0,0,1,0,0,0,0,0,0,0,0,2,0,0,0,0,0,0,0,0,0,0,0,0,0,0,1.4142135623730951,0,0,0,0,0,0,0,0,0,0,3.605551275463989,0,0,0,0,0,0,0,0,0,0,4.242640687119285,0,0,0,0,,"2019","West","Rincon","Tres Palmas 20m","Intermediate","5","2019Tres Palmas 20m5","2019_Tres Palmas 20m","2019_Rincon","2019_West"
2.8284271247461903,0,0,0,0,0,0,0,0,0,1.7320508075688772,0,0,0,0,0,0,0,0,0,0,0,0,0,0,0,0,0,0,0,0,0,0,0,0,0,0,0,0,0,0,0,0,0,0,0,0,0,0,0,0,0,0,0,0,0,0,0,0,0,0,0,0,0,0,0,0,0,0,0,0,0,0,0,0,0,0,0,0,0,0,0,0,0,0,0,0,0,0,0,0,0,0,0,0,0,0,0,0,0,0,0,0,0,0,0,0,0,0,0,0,0,0,0,1.4142135623730951,0,0,0,0,0,0,0,0,0,0,0,0,0,0,0,0,0,0,0,0,0,0,0,0,0,0,0,0,0,0,0,0,0,0,0,0,0,0,0,0,0,0,0,1.7320508075688772,0,0,0,0,0,0,0,0,0,0,0,0,0,0,0,0,1,0,0,0,0,0,0,0,0,0,0,0,0,0,0,0,0,0,0,0,0,0,0,0,0,0,0,0,0,0,0,0,0,0,0,0,0,0,0,0,0,0,0,0,0,0,0,0,0,0,0,0,0,2.6457513110645907,0,0,0,0,0,0,0,0,0,0,0,0,0,3.872983346207417,0,0,0,0,,"2019","West","Rincon","Tres Palmas 5m","Very Shallow","1","2019Tres Palmas 5m1","2019_Tres Palmas 5m","2019_Rincon","2019_West"
0,0,0,0,0,0,0,0,0,2,0,0,0,0,0,0,0,0,0,0,0,0,0,0,0,0,1,0,0,0,0,0,0,0,0,0,0,0,0,0,0,0,0,0,0,0,0,0,0,0,0,0,0,0,0,0,0,0,0,0,0,0,0,0,0,0,0,0,0,0,0,0,0,0,0,0,0,0,0,0,0,0,0,0,0,0,0,0,0,0,0,0,0,0,0,0,0,0,0,0,0,0,0,0,0,0,1,0,0,0,0,1.4142135623730951,0,0,1.7320508075688772,0,0,0,0,0,0,1,0,0,0,0,0,0,0,0,0,0,0,0,0,0,0,0,0,0,0,0,0,0,0,0,0,1,0,0,0,0,0,0,0,0,0,0,0,0,0,0,0,0,0,0,0,0,0,0,0,0,0,0,0,0,0,0,0,0,0,0,0,0,0,0,0,0,0,0,0,0,0,0,0,0,0,0,0,0,0,0,0,0,0,2,0,0,0,0,0,0,0,0,0,0,0,0,0,0,0,0,0,0,0,0,0,0,3,0,0,0,0,0,0,0,0,0,0,0,0,0,3,0,0,0,0,,"2019","West","Rincon","Tres Palmas 5m","Very Shallow","2","2019Tres Palmas 5m2","2019_Tres Palmas 5m","2019_Rincon","2019_West"
0,0,0,0,0,0,0,0,0,0,1,0,0,0,0,0,0,0,0,0,0,0,0,0,0,0,0,0,0,0,0,0,0,0,0,0,0,0,0,0,0,0,0,0,0,0,0,0,0,0,0,0,0,0,0,0,0,0,0,0,0,0,0,0,0,0,0,0,0,0,0,0,0,0,0,0,0,0,0,0,0,0,0,0,0,0,0,0,0,0,0,0,0,0,0,0,0,0,0,0,0,4.69041575982343,1,0,0,0,0,0,0,0,0,1,0,0,0,0,0,0,0,0,0,0,0,0,0,0,0,0,0,0,0,0,0,0,0,0,0,0,0,0,0,0,0,0,0,0,0,0,0,0,0,0,0,0,0,0,0,0,1.4142135623730951,0,0,0,0,0,0,0,0,0,0,0,0,0,0,0,0,0,0,0,0,0,0,0,0,0,0,0,0,0,0,0,0,0,0,0,0,0,0,0,0,0,0,0,0,0,0,0,0,0,0,0,0,0,0,0,0,0,0,0,0,0,0,1.7320508075688772,0,1,0,0,0,0,3.3166247903554,0,0,0,0,0,0,0,0,0,0,0,0,0,3.1622776601683795,0,0,0,0,,"2019","West","Rincon","Tres Palmas 5m","Very Shallow","3","2019Tres Palmas 5m3","2019_Tres Palmas 5m","2019_Rincon","2019_West"
0,0,0,0,0,0,0,0,0,0,0,0,0,0,0,0,0,0,0,0,0,0,0,0,0,0,1,0,0,0,0,0,0,0,0,0,0,0,0,0,0,0,0,0,0,0,0,0,0,0,0,0,0,0,0,0,0,0,0,0,0,0,0,0,0,0,0,0,0,0,0,0,0,0,0,0,0,0,0,0,0,0,0,0,0,0,0,0,0,0,0,0,0,0,0,0,0,0,0,0,0,1.4142135623730951,1,0,0,0,0,0,0,0,0,1,0,0,0,0,0,0,0,0,0,0,0,0,0,0,0,0,0,0,0,0,0,0,0,0,0,0,0,0,0,0,0,0,0,0,0,0,0,0,0,0,0,0,0,0,0,0,0,0,0,0,0,0,0,0,0,0,0,0,0,0,0,0,0,0,0,0,0,0,0,0,0,0,0,0,0,0,0,0,0,0,0,0,0,0,0,0,0,0,0,0,0,0,0,0,0,0,1.4142135623730951,0,0,0,0,0,0,0,0,0,0,0,0,1,0,1,0,0,0,0,2.8284271247461903,0,0,0,0,0,0,0,0,0,0,0,0,0,2.449489742783178,0,0,0,0,,"2019","West","Rincon","Tres Palmas 5m","Very Shallow","4","2019Tres Palmas 5m4","2019_Tres Palmas 5m","2019_Rincon","2019_West"
0,0,0,0,0,0,0,0,0,0,0,0,0,0,0,0,0,1.4142135623730951,0,0,0,0,0,0,0,0,0,0,0,0,0,0,0,0,0,0,0,0,0,0,0,0,0,0,0,0,0,0,0,0,0,0,0,0,0,0,0,0,0,0,0,0,0,0,0,0,0,0,0,0,0,0,0,0,0,0,0,0,0,0,0,0,0,0,0,0,0,0,0,0,0,0,0,0,0,0,0,0,0,0,0,0,1.4142135623730951,0,0,0,0,0,0,0,0,1.4142135623730951,0,0,1.7320508075688772,0,1,0,0,0,0,0,0,1,0,0,0,0,0,0,0,0,0,0,0,0,0,0,0,0,0,0,0,0,0,0,0,0,0,0,0,0,0,0,0,0,0,0,1.4142135623730951,0,0,0,0,0,0,0,0,0,0,0,0,0,0,0,0,0,0,0,0,0,0,0,0,0,0,0,0,0,0,0,0,0,0,0,0,0,0,0,0,0,0,0,0,0,0,0,0,0,0,0,0,0,0,0,0,0,0,0,0,0,0,0,0,0,0,0,0,0,2.6457513110645907,0,0,0,0,0,0,0,0,0,0,0,0,0,6.4031242374328485,0,0,0,0,,"2019","West","Rincon","Tres Palmas 5m","Very Shallow","5","2019Tres Palmas 5m5","2019_Tres Palmas 5m","2019_Rincon","2019_West"
